4438.92045 -54.94850
4685.52714 -52.54850
4932.13383 -46.54850
5178.74052 -41.34850
5425.34721 -39.34850
5671.95390 -42.94850
5918.56059 -45.34850
6165.16728 -48.54850
6411.77397 -52.54850
6658.38066 -52.54850
6904.98735 -48.54850
7151.59404 -46.54850
7398.20073 -41.34850
7644.80742 -40.14850
7891.41411 -42.94850
8138.02080 -42.54850
8384.62749 -52.54850
8631.23418 -52.54850
8877.84087 -52.54850
9124.44756 -54.94850
9371.05425 -54.94850
9617.66094 -54.94850
9864.26763 -49.34850
10110.87432 -45.74850
10357.48101 -45.74850
10604.08770 -54.94850
10850.69439 -54.94850
11097.30108 -48.54850
11343.90777 -45.34850
11590.51446 -46.54850
11837.12115 -46.54850
12083.72784 -46.54850
12330.33453 -52.54850
12576.94122 -52.54850
12823.54791 -54.94850
13070.15460 -54.94850
13316.76129 -45.34850
13563.36798 -45.74850
13809.97467 -49.34850
14056.58136 -52.54850
14303.18805 -48.54850
14549.79474 -42.54850
14796.40143 -41.34850
15043.00812 -43.34850
15289.61481 -45.74850
15536.22150 -52.54850
15782.82819 -54.94850
16029.43488 -49.34850
16276.04157 -45.34850
16522.64826 -41.34850
16769.25495 -41.34850
17015.86164 -42.94850
17262.46833 -42.94850
17509.07502 -44.14850
17755.68171 -44.14850
18002.28840 -48.54850
18248.89509 -54.94850
18495.50178 -54.94850
18742.10847 -54.94850
18988.71516 -48.54850
19235.32185 -45.34850
19481.92854 -45.74850
19728.53523 -45.74850
19975.14192 -52.54850
20221.74861 -48.54850
20468.35530 -46.54850
20714.96199 -52.54850
20961.56868 -48.54850
21208.17537 -54.94850
21454.78206 -54.94850
21701.38875 -54.94850
21947.99544 -54.94850
22194.60213 -54.94850
22441.20882 -54.94850
22687.81551 -48.54850
22934.42220 -48.54850
23181.02889 -49.34850
23427.63558 -48.54850
23674.24227 -49.34850
23920.84896 -49.34850
24167.45565 -52.54850
24414.06234 -54.94850
24660.66903 -54.94850
24907.27572 -48.54850
25153.88241 -54.94850
25400.48910 -54.94850
25647.09579 -52.54850
25893.70248 -52.54850
26140.30917 -54.94850
26386.91586 -48.54850
26633.52255 -41.34850
26880.12924 -39.34850
27126.73593 -37.74850
27373.34262 -40.14850
27619.94931 -45.74850
27866.55600 -54.94850
28113.16269 -45.74850
28359.76938 -45.74850
28606.37607 -52.54850
28852.98276 -54.94850
29099.58945 -48.54850
29346.19614 -46.54850
29592.80283 -48.54850
29839.40952 -54.94850
30086.01621 -54.94850
30332.62290 -54.94850
30579.22959 -49.34850
30825.83628 -44.14850
31072.44297 -44.14850
31319.04966 -44.14850
31565.65635 -44.14850
31812.26304 -48.54850
32058.86973 -49.34850
32305.47642 -52.54850
32552.08311 -52.54850
32798.68980 -49.34850
33045.29649 -48.54850
33291.90318 -48.54850
33538.50987 -49.34850
33785.11656 -48.54850
34031.72325 -54.94850
34278.32994 -54.94850
34524.93663 -49.34850
34771.54332 -54.94850
35018.15001 -52.54850
35264.75670 -46.54850
35511.36339 -54.94850
35757.97008 -52.54850
36004.57677 -52.54850
36251.18346 -52.54850
36497.79015 -54.94850
36744.39684 -48.54850
36991.00353 -52.54850
37237.61022 -52.54850
37484.21691 -46.54850
37730.82360 -52.54850
37977.43029 -45.34850
38224.03698 -45.74850
38470.64367 -45.74850
38717.25036 -54.94850
38963.85705 -54.94850
39210.46374 -48.54850
39457.07043 -54.94850
39703.67712 -52.54850
39950.28381 -52.54850
40196.89050 -52.54850
40443.49719 -54.94850
40690.10388 -54.94850
40936.71057 -45.74850
41183.31726 -41.34850
41429.92395 -40.94850
41676.53064 -42.54850
41923.13733 -44.14850
42169.74402 -45.74850
42416.35071 -48.54850
42662.95740 -52.54850
42909.56409 -49.34850
43156.17078 -54.94850
43402.77747 -54.94850
43649.38416 -54.94850
43895.99085 -54.94850
44142.59754 -49.34850
44389.20423 -48.54850
44635.81092 -52.54850
44882.41761 -52.54850
45129.02430 -49.34850
45375.63099 -48.54850
45622.23768 -45.34850
45868.84437 -45.34850
46115.45106 -48.54850
46362.05775 -48.54850
46608.66444 -54.94850
46855.27113 -52.54850
47101.87782 -52.54850
47348.48451 -52.54850
47595.09120 -54.94850
47841.69789 -54.94850
48088.30458 -52.54850
48334.91127 -52.54850
48581.51796 -45.74850
48828.12465 -45.34850
49074.73134 -49.34850
49321.33803 -52.54850
49567.94472 -54.94850
49814.55141 -49.34850
50061.15810 -52.54850
50307.76479 -49.34850
50554.37148 -46.54850
50800.97817 -46.54850
51047.58486 -48.54850
51294.19155 -45.34850
51540.79824 -48.54850
51787.40493 -52.54850
52034.01162 -54.94850
52280.61831 -52.54850
52527.22500 -48.54850
52773.83169 -48.54850
53020.43838 -45.34850
53267.04507 -45.34850
53513.65176 -48.54850
53760.25845 -54.94850
54006.86514 -54.94850
54253.47183 -54.94850
54500.07852 -48.54850
54746.68521 -48.54850
54993.29190 -54.94850
55239.89859 -52.54850
55486.50528 -44.14850
55733.11197 -42.54850
55979.71866 -39.74850
56226.32535 -41.34850
56472.93204 -45.34850
56719.53873 -52.54850
56966.14542 -54.94850
57212.75211 -52.54850
57459.35880 -52.54850
57705.96549 -52.54850
57952.57218 -54.94850
58199.17887 -52.54850
58445.78556 -52.54850
58692.39225 -49.34850
58938.99894 -54.94850
59185.60563 -48.54850
59432.21232 -54.94850
59678.81901 -54.94850
59925.42570 -45.74850
60172.03239 -45.74850
60418.63908 -45.34850
60665.24577 -49.34850
60911.85246 -49.34850
61158.45915 -49.34850
61405.06584 -45.34850
61651.67253 -45.74850
61898.27922 -48.54850
62144.88591 -54.94850
62391.49260 -54.94850
62638.09929 -52.54850
62884.70598 -54.94850
63131.31267 -54.94850
63377.91936 -52.54850
63624.52605 -49.34850
63871.13274 -52.54850
64117.73943 -52.54850
64364.34612 -48.54850
64610.95281 -48.54850
64857.55950 -46.54850
65104.16619 -44.14850
65350.77288 -42.54850
65597.37957 -44.14850
65843.98626 -52.54850
66090.59295 -52.54850
66337.19964 -48.54850
66583.80633 -49.34850
66830.41302 -54.94850
67077.01971 -46.54850
67323.62640 -44.14850
67570.23309 -42.54850
67816.83978 -48.54850
68063.44647 -54.94850
68310.05316 -54.94850
68556.65985 -54.94850
68803.26654 -54.94850
69049.87323 -48.54850
69296.47992 -45.34850
69543.08661 -42.94850
69789.69330 -45.34850
70036.29999 -54.94850
70282.90668 -41.34850
70529.51337 -36.14850
70776.12006 -36.14850
71022.72675 -43.34850
71269.33344 -54.94850
71515.94013 -41.34850
71762.54682 -40.54850
72009.15351 -41.34850
72255.76020 -46.54850
72502.36689 -54.94850
72748.97358 -52.54850
72995.58027 -48.54850
73242.18696 -44.14850
73488.79365 -41.34850
73735.40034 -42.54850
73982.00703 -45.34850
74228.61372 -54.94850
74475.22041 -45.34850
74721.82710 -41.34850
74968.43379 -42.94850
75215.04048 -48.54850
75461.64717 -54.94850
75708.25386 -54.94850
75954.86055 -54.94850
76201.46724 -52.54850
76448.07393 -43.34850
76694.68062 -41.34850
76941.28731 -42.94850
77187.89400 -45.34850
77434.50069 -54.94850
77681.10738 -52.54850
77927.71407 -49.34850
78174.32076 -52.54850
78420.92745 -48.54850
78667.53414 -42.94850
78914.14083 -41.34850
79160.74752 -42.94850
79407.35421 -54.94850
79653.96090 -54.94850
79900.56759 -52.54850
80147.17428 -54.94850
80393.78097 -54.94850
80640.38766 -54.94850
80886.99435 -49.34850
81133.60104 -54.94850
81380.20773 -54.94850
81626.81442 -48.54850
81873.42111 -45.34850
82120.02780 -54.94850
82366.63449 -54.94850
82613.24118 -52.54850
82859.84787 -54.94850
83106.45456 -49.34850
83353.06125 -45.34850
83599.66794 -45.34850
83846.27463 -48.54850
84092.88132 -54.94850
84339.48801 -52.54850
84586.09470 -44.14850
84832.70139 -40.54850
85079.30808 -37.74850
85325.91477 -37.74850
85572.52146 -44.14850
85819.12815 -49.34850
86065.73484 -45.74850
86312.34153 -49.34850
86558.94822 -54.94850
86805.55491 -54.94850
87052.16160 -48.54850
87298.76829 -45.74850
87545.37498 -45.34850
87791.98167 -43.34850
88038.58836 -45.74850
88285.19505 -49.34850
88531.80174 -54.94850
88778.40843 -54.94850
89025.01512 -54.94850
89271.62181 -45.74850
89518.22850 -43.34850
89764.83519 -45.74850
90011.44188 -42.94850
90258.04857 -42.94850
90504.65526 -48.54850
90751.26195 -54.94850
90997.86864 -45.74850
91244.47533 -42.94850
91491.08202 -45.34850
91737.68871 -46.54850
91984.29540 -48.54850
92230.90209 -49.34850
92477.50878 -49.34850
92724.11547 -49.34850
92970.72216 -49.34850
93217.32885 -45.34850
93463.93554 -45.74850
93710.54223 -48.54850
93957.14892 -54.94850
94203.75561 -48.54850
94450.36230 -49.34850
94696.96899 -48.54850
94943.57568 -48.54850
95190.18237 -48.54850
95436.78906 -49.34850
95683.39575 -48.54850
95930.00244 -52.54850
96176.60913 -54.94850
96423.21582 -54.94850
96669.82251 -54.94850
96916.42920 -54.94850
97163.03589 -52.54850
97409.64258 -48.54850
97656.24927 -48.54850
97902.85596 -49.34850
98149.46265 -54.94850
98396.06934 -52.54850
98642.67603 -54.94850
98889.28272 -54.94850
99135.88941 -42.94850
99382.49610 -38.14850
99629.10279 -35.74850
99875.70948 -36.54850
100122.31617 -41.34850
100368.92286 -54.94850
100615.52955 -52.54850
100862.13624 -49.34850
101108.74293 -48.54850
101355.34962 -44.14850
101601.95631 -42.54850
101848.56300 -45.34850
102095.16969 -49.34850
102341.77638 -49.34850
102588.38307 -52.54850
102834.98976 -52.54850
103081.59645 -52.54850
103328.20314 -46.54850
103574.80983 -42.54850
103821.41652 -39.34850
104068.02321 -41.34850
104314.62990 -46.54850
104561.23659 -48.54850
104807.84328 -52.54850
105054.44997 -52.54850
105301.05666 -54.94850
105547.66335 -54.94850
105794.27004 -52.54850
106040.87673 -54.94850
106287.48342 -54.94850
106534.09011 -49.34850
106780.69680 -45.34850
107027.30349 -42.54850
107273.91018 -41.34850
107520.51687 -48.54850
107767.12356 -54.94850
108013.73025 -54.94850
108260.33694 -49.34850
108506.94363 -54.94850
108753.55032 -52.54850
109000.15701 -54.94850
109246.76370 -45.34850
109493.37039 -41.34850
109739.97708 -40.94850
109986.58377 -44.14850
110233.19046 -48.54850
110479.79715 -48.54850
110726.40384 -54.94850
110973.01053 -54.94850
111219.61722 -54.94850
111466.22391 -54.94850
111712.83060 -54.94850
111959.43729 -54.94850
112206.04398 -52.54850
112452.65067 -49.34850
112699.25736 -48.54850
112945.86405 -45.34850
113192.47074 -42.94850
113439.07743 -42.54850
113685.68412 -36.54850
113932.29081 -34.14850
114178.89750 -33.34850
114425.50419 -34.54850
114672.11088 -38.94850
114918.71757 -45.74850
115165.32426 -49.34850
115411.93095 -52.54850
115658.53764 -52.54850
115905.14433 -54.94850
116151.75102 -54.94850
116398.35771 -54.94850
116644.96440 -54.94850
116891.57109 -52.54850
117138.17778 -42.94850
117384.78447 -40.54850
117631.39116 -41.34850
117877.99785 -45.34850
118124.60454 -44.14850
118371.21123 -42.54850
118617.81792 -42.94850
118864.42461 -44.14850
119111.03130 -52.54850
119357.63799 -54.94850
119604.24468 -49.34850
119850.85137 -49.34850
120097.45806 -54.94850
120344.06475 -54.94850
120590.67144 -54.94850
120837.27813 -54.94850
121083.88482 -54.94850
121330.49151 -52.54850
121577.09820 -48.54850
121823.70489 -49.34850
122070.31158 -49.34850
122316.91827 -46.54850
122563.52496 -48.54850
122810.13165 -52.54850
123056.73834 -54.94850
123303.34503 -54.94850
123549.95172 -54.94850
123796.55841 -54.94850
124043.16510 -52.54850
124289.77179 -45.34850
124536.37848 -48.54850
124782.98517 -48.54850
125029.59186 -52.54850
125276.19855 -52.54850
125522.80524 -45.34850
125769.41193 -43.34850
126016.01862 -49.34850
126262.62531 -54.94850
126509.23200 -54.94850
126755.83869 -54.94850
127002.44538 -48.54850
127249.05207 -48.54850
127495.65876 -54.94850
127742.26545 -45.34850
127988.87214 -52.54850
128235.47883 -40.94850
128482.08552 -34.94850
128728.69221 -32.54850
128975.29890 -33.74850
129221.90559 -39.74850
129468.51228 -48.54850
129715.11897 -52.54850
129961.72566 -52.54850
130208.33235 -54.94850
130454.93904 -54.94850
130701.54573 -52.54850
130948.15242 -54.94850
131194.75911 -49.34850
131441.36580 -45.34850
131687.97249 -42.54850
131934.57918 -44.14850
132181.18587 -49.34850
132427.79256 -54.94850
132674.39925 -52.54850
132921.00594 -46.54850
133167.61263 -52.54850
133414.21932 -54.94850
133660.82601 -54.94850
133907.43270 -49.34850
134154.03939 -48.54850
134400.64608 -48.54850
134647.25277 -48.54850
134893.85946 -49.34850
135140.46615 -48.54850
135387.07284 -54.94850
135633.67953 -52.54850
135880.28622 -44.14850
136126.89291 -44.14850
136373.49960 -45.34850
136620.10629 -52.54850
136866.71298 -54.94850
137113.31967 -54.94850
137359.92636 -54.94850
137606.53305 -54.94850
137853.13974 -54.94850
138099.74643 -54.94850
138346.35312 -52.54850
138592.95981 -54.94850
138839.56650 -54.94850
139086.17319 -52.54850
139332.77988 -54.94850
139579.38657 -52.54850
139825.99326 -54.94850
140072.59995 -54.94850
140319.20664 -54.94850
140565.81333 -54.94850
140812.42002 -54.94850
141059.02671 -52.54850
141305.63340 -45.34850
141552.24009 -45.34850
141798.84678 -45.74850
142045.45347 -48.54850
142292.06016 -49.34850
142538.66685 -54.94850
142785.27354 -38.14850
143031.88023 -33.74850
143278.48692 -32.94850
143525.09361 -35.34850
143771.70030 -45.34850
144018.30699 -49.34850
144264.91368 -52.54850
144511.52037 -48.54850
144758.12706 -54.94850
145004.73375 -54.94850
145251.34044 -46.54850
145497.94713 -48.54850
145744.55382 -49.34850
145991.16051 -54.94850
146237.76720 -54.94850
146484.37389 -49.34850
146730.98058 -49.34850
146977.58727 -45.34850
147224.19396 -49.34850
147470.80065 -44.14850
147717.40734 -42.54850
147964.01403 -42.94850
148210.62072 -41.34850
148457.22741 -48.54850
148703.83410 -48.54850
148950.44079 -52.54850
149197.04748 -46.54850
149443.65417 -44.14850
149690.26086 -42.94850
149936.86755 -44.14850
150183.47424 -48.54850
150430.08093 -45.74850
150676.68762 -42.94850
150923.29431 -42.94850
151169.90100 -48.54850
151416.50769 -54.94850
151663.11438 -48.54850
151909.72107 -44.14850
152156.32776 -49.34850
152402.93445 -48.54850
152649.54114 -52.54850
152896.14783 -49.34850
153142.75452 -49.34850
153389.36121 -54.94850
153635.96790 -54.94850
153882.57459 -48.54850
154129.18128 -48.54850
154375.78797 -48.54850
154622.39466 -54.94850
154869.00135 -48.54850
155115.60804 -44.14850
155362.21473 -42.54850
155608.82142 -44.14850
155855.42811 -48.54850
156102.03480 -54.94850
156348.64149 -54.94850
156595.24818 -54.94850
156841.85487 -52.54850
157088.46156 -52.54850
157335.06825 -37.74850
157581.67494 -32.94850
157828.28163 -32.14850
158074.88832 -32.94850
158321.49501 -39.74850
158568.10170 -54.94850
158814.70839 -52.54850
159061.31508 -49.34850
159307.92177 -54.94850
159554.52846 -52.54850
159801.13515 -48.54850
160047.74184 -54.94850
160294.34853 -54.94850
160540.95522 -54.94850
160787.56191 -54.94850
161034.16860 -54.94850
161280.77529 -52.54850
161527.38198 -54.94850
161773.98867 -52.54850
162020.59536 -48.54850
162267.20205 -48.54850
162513.80874 -48.54850
162760.41543 -54.94850
163007.02212 -42.54850
163253.62881 -38.54850
163500.23550 -38.14850
163746.84219 -37.34850
163993.44888 -37.74850
164240.05557 -42.94850
164486.66226 -49.34850
164733.26895 -45.34850
164979.87564 -46.54850
165226.48233 -39.74850
165473.08902 -38.14850
165719.69571 -37.74850
165966.30240 -42.94850
166212.90909 -54.94850
166459.51578 -54.94850
166706.12247 -54.94850
166952.72916 -49.34850
167199.33585 -45.74850
167445.94254 -45.34850
167692.54923 -44.14850
167939.15592 -48.54850
168185.76261 -52.54850
168432.36930 -49.34850
168678.97599 -54.94850
168925.58268 -52.54850
169172.18937 -48.54850
169418.79606 -48.54850
169665.40275 -45.34850
169912.00944 -43.34850
170158.61613 -49.34850
170405.22282 -49.34850
170651.82951 -49.34850
170898.43620 -54.94850
171145.04289 -52.54850
171391.64958 -54.94850
171638.25627 -48.54850
171884.86296 -37.34850
172131.46965 -33.34850
172378.07634 -32.94850
172624.68303 -34.14850
172871.28972 -41.34850
173117.89641 -46.54850
173364.50310 -54.94850
173611.10979 -54.94850
173857.71648 -49.34850
174104.32317 -48.54850
174350.92986 -48.54850
174597.53655 -52.54850
174844.14324 -54.94850
175090.74993 -54.94850
175337.35662 -54.94850
175583.96331 -54.94850
175830.57000 -52.54850
176077.17669 -54.94850
176323.78338 -52.54850
176570.39007 -44.14850
176816.99676 -41.34850
177063.60345 -38.54850
177310.21014 -37.74850
177556.81683 -39.34850
177803.42352 -42.54850
178050.03021 -54.94850
178296.63690 -48.54850
178543.24359 -49.34850
178789.85028 -44.14850
179036.45697 -40.94850
179283.06366 -41.34850
179529.67035 -45.34850
179776.27704 -43.34850
180022.88373 -44.14850
180269.49042 -54.94850
180516.09711 -52.54850
180762.70380 -54.94850
181009.31049 -52.54850
181255.91718 -54.94850
181502.52387 -54.94850
181749.13056 -54.94850
181995.73725 -52.54850
182242.34394 -49.34850
182488.95063 -45.74850
182735.55732 -45.34850
182982.16401 -48.54850
183228.77070 -48.54850
183475.37739 -54.94850
183721.98408 -54.94850
183968.59077 -49.34850
184215.19746 -45.34850
184461.80415 -48.54850
184708.41084 -45.74850
184955.01753 -48.54850
185201.62422 -48.54850
185448.23091 -52.54850
185694.83760 -54.94850
185941.44429 -54.94850
186188.05098 -45.74850
186434.65767 -39.34850
186681.26436 -36.94850
186927.87105 -36.14850
187174.47774 -36.94850
187421.08443 -40.14850
187667.69112 -41.34850
187914.29781 -49.34850
188160.90450 -54.94850
188407.51119 -54.94850
188654.11788 -54.94850
188900.72457 -54.94850
189147.33126 -52.54850
189393.93795 -45.34850
189640.54464 -48.54850
189887.15133 -54.94850
190133.75802 -49.34850
190380.36471 -45.34850
190626.97140 -45.34850
190873.57809 -42.54850
191120.18478 -41.34850
191366.79147 -41.34850
191613.39816 -42.94850
191860.00485 -45.34850
192106.61154 -48.54850
192353.21823 -52.54850
192599.82492 -48.54850
192846.43161 -48.54850
193093.03830 -48.54850
193339.64499 -48.54850
193586.25168 -54.94850
193832.85837 -45.34850
194079.46506 -45.74850
194326.07175 -45.74850
194572.67844 -52.54850
194819.28513 -48.54850
195065.89182 -46.54850
195312.49851 -48.54850
195559.10520 -48.54850
195805.71189 -52.54850
196052.31858 -54.94850
196298.92527 -54.94850
196545.53196 -54.94850
196792.13865 -52.54850
197038.74534 -52.54850
197285.35203 -52.54850
197531.95872 -52.54850
197778.56541 -54.94850
198025.17210 -54.94850
198271.77879 -45.34850
198518.38548 -45.74850
198764.99217 -48.54850
199011.59886 -48.54850
199258.20555 -52.54850
199504.81224 -52.54850
199751.41893 -54.94850
199998.02562 -54.94850
200244.63231 -49.34850
200491.23900 -48.54850
200737.84569 -49.34850
200984.45238 -42.94850
201231.05907 -38.54850
201477.66576 -36.94850
201724.27245 -38.94850
201970.87914 -42.94850
202217.48583 -49.34850
202464.09252 -54.94850
202710.69921 -45.74850
202957.30590 -45.34850
203203.91259 -48.54850
203450.51928 -48.54850
203697.12597 -52.54850
203943.73266 -52.54850
204190.33935 -49.34850
204436.94604 -52.54850
204683.55273 -54.94850
204930.15942 -52.54850
205176.76611 -48.54850
205423.37280 -45.34850
205669.97949 -48.54850
205916.58618 -48.54850
206163.19287 -49.34850
206409.79956 -49.34850
206656.40625 -48.54850
206903.01294 -54.94850
207149.61963 -54.94850
207396.22632 -54.94850
207642.83301 -52.54850
207889.43970 -48.54850
208136.04639 -44.14850
208382.65308 -44.14850
208629.25977 -43.34850
208875.86646 -45.74850
209122.47315 -54.94850
209369.07984 -48.54850
209615.68653 -48.54850
209862.29322 -48.54850
210108.89991 -54.94850
210355.50660 -54.94850
210602.11329 -52.54850
210848.71998 -48.54850
211095.32667 -45.34850
211341.93336 -43.34850
211588.54005 -48.54850
211835.14674 -44.14850
212081.75343 -49.34850
212328.36012 -49.34850
212574.96681 -52.54850
212821.57350 -54.94850
213068.18019 -49.34850
213314.78688 -49.34850
213561.39357 -54.94850
213808.00026 -54.94850
214054.60695 -54.94850
214301.21364 -54.94850
214547.82033 -52.54850
214794.42702 -54.94850
215041.03371 -54.94850
215287.64040 -54.94850
215534.24709 -42.94850
215780.85378 -38.54850
216027.46047 -36.94850
216274.06716 -38.14850
216520.67385 -42.94850
216767.28054 -48.54850
217013.88723 -52.54850
217260.49392 -42.94850
217507.10061 -42.94850
217753.70730 -45.34850
218000.31399 -48.54850
218246.92068 -49.34850
218493.52737 -45.74850
218740.13406 -45.34850
218986.74075 -54.94850
219233.34744 -46.54850
219479.95413 -44.14850
219726.56082 -45.34850
219973.16751 -54.94850
220219.77420 -52.54850
220466.38089 -48.54850
220712.98758 -48.54850
220959.59427 -54.94850
221206.20096 -45.34850
221452.80765 -41.34850
221699.41434 -41.34850
221946.02103 -45.34850
222192.62772 -52.54850
222439.23441 -54.94850
222685.84110 -54.94850
222932.44779 -52.54850
223179.05448 -48.54850
223425.66117 -48.54850
223672.26786 -54.94850
223918.87455 -54.94850
224165.48124 -54.94850
224412.08793 -49.34850
224658.69462 -48.54850
224905.30131 -48.54850
225151.90800 -48.54850
225398.51469 -48.54850
225645.12138 -54.94850
225891.72807 -52.54850
226138.33476 -44.14850
226384.94145 -44.14850
226631.54814 -45.34850
226878.15483 -49.34850
227124.76152 -49.34850
227371.36821 -54.94850
227617.97490 -48.54850
227864.58159 -48.54850
228111.18828 -49.34850
228357.79497 -48.54850
228604.40166 -49.34850
228851.00835 -48.54850
229097.61504 -54.94850
229344.22173 -54.94850
229590.82842 -54.94850
229837.43511 -54.94850
230084.04180 -42.54850
230330.64849 -37.74850
230577.25518 -35.74850
230823.86187 -36.54850
231070.46856 -38.14850
231317.07525 -40.94850
231563.68194 -42.94850
231810.28863 -42.94850
232056.89532 -54.94850
232303.50201 -49.34850
232550.10870 -48.54850
232796.71539 -52.54850
233043.32208 -54.94850
233289.92877 -49.34850
233536.53546 -52.54850
233783.14215 -54.94850
234029.74884 -52.54850
234276.35553 -48.54850
234522.96222 -45.34850
234769.56891 -49.34850
235016.17560 -52.54850
235262.78229 -54.94850
235509.38898 -48.54850
235755.99567 -49.34850
236002.60236 -52.54850
236249.20905 -54.94850
236495.81574 -49.34850
236742.42243 -45.74850
236989.02912 -48.54850
237235.63581 -49.34850
237482.24250 -52.54850
237728.84919 -54.94850
237975.45588 -54.94850
238222.06257 -48.54850
238468.66926 -42.54850
238715.27595 -41.34850
238961.88264 -42.54850
239208.48933 -43.34850
239455.09602 -43.34850
239701.70271 -43.34850
239948.30940 -45.74850
240194.91609 -48.54850
240441.52278 -46.54850
240688.12947 -42.94850
240934.73616 -38.94850
241181.34285 -37.34850
241427.94954 -36.14850
241674.55623 -38.54850
241921.16292 -43.34850
242167.76961 -52.54850
242414.37630 -48.54850
242660.98299 -52.54850
242907.58968 -48.54850
243154.19637 -40.94850
243400.80306 -38.94850
243647.40975 -38.14850
243894.01644 -45.74850
244140.62313 -52.54850
244387.22982 -45.74850
244633.83651 -49.34850
244880.44320 -42.94850
245127.04989 -39.74850
245373.65658 -41.34850
245620.26327 -44.14850
245866.86996 -54.94850
246113.47665 -52.54850
246360.08334 -54.94850
246606.69003 -54.94850
246853.29672 -54.94850
247099.90341 -54.94850
247346.51010 -54.94850
247593.11679 -52.54850
247839.72348 -39.34850
248086.33017 -36.54850
248332.93686 -38.14850
248579.54355 -41.34850
248826.15024 -45.34850
249072.75693 -48.54850
249319.36362 -54.94850
249565.97031 -48.54850
249812.57700 -40.94850
250059.18369 -38.14850
250305.79038 -35.74850
250552.39707 -40.14850
250799.00376 -48.54850
251045.61045 -52.54850
251292.21714 -52.54850
251538.82383 -54.94850
251785.43052 -54.94850
252032.03721 -54.94850
252278.64390 -54.94850

