     2197265.62500,     -46.98970,
     2319335.93750,     -46.98970,
     2441406.25000,     -44.58970,
     2563476.56250,     -44.58970,
     2685546.87500,     -44.58970,
     2807617.18750,     -46.98970,
     2929687.50000,     -44.58970,
     3051757.81250,     -46.98970,
     3173828.12500,     -46.98970,
     3295898.43750,     -46.98970,
     3417968.75000,     -46.98970,
     3540039.06250,     -46.98970,
     3662109.37500,     -46.98970,
     3784179.68750,     -40.58970,
     3906250.00000,     -38.58970,
     4028320.31250,     -40.58970,
     4150390.62500,     -40.58970,
     4272460.93750,     -41.38970,
     4394531.25000,     -46.98970,
     4516601.56250,     -44.58970,
     4638671.87500,     -46.98970,
     4760742.18750,     -44.58970,
     4882812.50000,     -40.58970,
     5004882.81250,     -44.58970,
     5126953.12500,     -40.58970,
     5249023.43750,     -44.58970,
     5371093.75000,     -44.58970,
     5493164.06250,     -40.58970,
     5615234.37500,     -40.58970,
     5737304.68750,     -40.58970,
     5859375.00000,     -41.38970,
     5981445.31250,     -40.58970,
     6103515.62500,     -40.58970,
     6225585.93750,     -44.58970,
     6347656.25000,     -41.38970,
     6469726.56250,     -40.58970,
     6591796.87500,     -44.58970,
     6713867.18750,     -46.98970,
     6835937.50000,     -41.38970,
     6958007.81250,     -37.38970,
     7080078.12500,     -34.98970,
     7202148.43750,     -37.78970,
     7324218.75000,     -46.98970,
     7446289.06250,     -46.98970,
     7568359.37500,     -44.58970,
     7690429.68750,     -41.38970,
     7812500.00000,     -41.38970,
     7934570.31250,     -46.98970,
     8056640.62500,     -44.58970,
     8178710.93750,     -46.98970,
     8300781.25000,     -46.98970,
     8422851.56250,     -46.98970,
     8544921.87500,     -44.58970,
     8666992.18750,     -44.58970,
     8789062.50000,     -46.98970,
     8911132.81250,     -46.98970,
     9033203.12500,     -46.98970,
     9155273.43750,     -46.98970,
     9277343.75000,     -46.98970,
     9399414.06250,     -44.58970,
     9521484.37500,     -46.98970,
     9643554.68750,     -46.98970,
     9765625.00000,     -40.58970,
     9887695.31250,     -38.58970,
    10009765.62500,     -38.58970,
    10131835.93750,     -40.58970,
    10253906.25000,     -46.98970,
    10375976.56250,     -40.58970,
    10498046.87500,     -44.58970,
    10620117.18750,     -40.58970,
    10742187.50000,     -40.58970,
    10864257.81250,     -37.38970,
    10986328.12500,     -37.38970,
    11108398.43750,     -41.38970,
    11230468.75000,     -41.38970,
    11352539.06250,     -46.98970,
    11474609.37500,     -40.58970,
    11596679.68750,     -44.58970,
    11718750.00000,     -41.38970,
    11840820.31250,     -46.98970,
    11962890.62500,     -44.58970,
    12084960.93750,     -44.58970,
    12207031.25000,     -46.98970,
    12329101.56250,     -40.58970,
    12451171.87500,     -40.58970,
    12573242.18750,     -37.38970,
    12695312.50000,     -40.58970,
    12817382.81250,     -40.58970,
    12939453.12500,     -40.58970,
    13061523.43750,     -44.58970,
    13183593.75000,     -46.98970,
    13305664.06250,     -46.98970,
    13427734.37500,     -46.98970,
    13549804.68750,     -46.98970,
    13671875.00000,     -46.98970,
    13793945.31250,     -46.98970,
    13916015.62500,     -46.98970,
    14038085.93750,     -46.98970,
    14160156.25000,     -44.58970,
    14282226.56250,     -46.98970,
    14404296.87500,     -46.98970,
    14526367.18750,     -44.58970,
    14648437.50000,     -46.98970,
    14770507.81250,     -44.58970,
    14892578.12500,     -46.98970,
    15014648.43750,     -46.98970,
    15136718.75000,     -44.58970,
    15258789.06250,     -46.98970,
    15380859.37500,     -46.98970,
    15502929.68750,     -46.98970,
    15625000.00000,     -44.58970,
    15747070.31250,     -46.98970,
    15869140.62500,     -44.58970,
    15991210.93750,     -46.98970,
    16113281.25000,     -46.98970,
    16235351.56250,     -46.98970,
    16357421.87500,     -41.38970,
    16479492.18750,     -46.98970,
    16601562.50000,     -44.58970,
    16723632.81250,     -46.98970,
    16845703.12500,     -40.58970,
    16967773.43750,     -46.98970,
    17089843.75000,     -44.58970,
    17211914.06250,     -46.98970,
    17333984.37500,     -46.98970,
    17456054.68750,     -41.38970,
    17578125.00000,     -44.58970,
    17700195.31250,     -44.58970,
    17822265.62500,     -44.58970,
    17944335.93750,     -46.98970,
    18066406.25000,     -46.98970,
    18188476.56250,     -46.98970,
    18310546.87500,     -44.58970,
    18432617.18750,     -44.58970,
    18554687.50000,     -44.58970,
    18676757.81250,     -46.98970,
    18798828.12500,     -44.58970,
    18920898.43750,     -44.58970,
    19042968.75000,     -46.98970,
    19165039.06250,     -46.98970,
    19287109.37500,     -46.98970,
    19409179.68750,     -46.98970,
    19531250.00000,     -38.58970,
    19653320.31250,     -37.38970,
    19775390.62500,     -37.78970,
    19897460.93750,     -37.78970,
    20019531.25000,     -40.58970,
    20141601.56250,     -46.98970,
    20263671.87500,     -41.38970,
    20385742.18750,     -41.38970,
    20507812.50000,     -44.58970,
    20629882.81250,     -44.58970,
    20751953.12500,     -46.98970,
    20874023.43750,     -46.98970,
    20996093.75000,     -46.98970,
    21118164.06250,     -44.58970,
    21240234.37500,     -40.58970,
    21362304.68750,     -41.38970,
    21484375.00000,     -41.38970,
    21606445.31250,     -46.98970,
    21728515.62500,     -46.98970,
    21850585.93750,     -46.98970,
    21972656.25000,     -46.98970,
    22094726.56250,     -46.98970,
    22216796.87500,     -44.58970,
    22338867.18750,     -41.38970,
    22460937.50000,     -40.58970,
    22583007.81250,     -41.38970,
    22705078.12500,     -41.38970,
    22827148.43750,     -37.38970,
    22949218.75000,     -44.58970,
    23071289.06250,     -46.98970,
    23193359.37500,     -46.98970,
    23315429.68750,     -46.98970,
    23437500.00000,     -46.98970,
    23559570.31250,     -46.98970,
    23681640.62500,     -44.58970,
    23803710.93750,     -46.98970,
    23925781.25000,     -44.58970,
    24047851.56250,     -41.38970,
    24169921.87500,     -40.58970,
    24291992.18750,     -44.58970,
    24414062.50000,     -46.98970,
    24536132.81250,     -46.98970,
    24658203.12500,     -46.98970,
    24780273.43750,     -46.98970,
    24902343.75000,     -46.98970,
    25024414.06250,     -44.58970,
    25146484.37500,     -46.98970,
    25268554.68750,     -44.58970,
    25390625.00000,     -46.98970,
    25512695.31250,     -41.38970,
    25634765.62500,     -46.98970,
    25756835.93750,     -46.98970,
    25878906.25000,     -40.58970,
    26000976.56250,     -44.58970,
    26123046.87500,     -40.58970,
    26245117.18750,     -46.98970,
    26367187.50000,     -37.38970,
    26489257.81250,     -41.38970,
    26611328.12500,     -40.58970,
    26733398.43750,     -46.98970,
    26855468.75000,     -46.98970,
    26977539.06250,     -46.98970,
    27099609.37500,     -44.58970,
    27221679.68750,     -46.98970,
    27343750.00000,     -46.98970,
    27465820.31250,     -46.98970,
    27587890.62500,     -44.58970,
    27709960.93750,     -38.58970,
    27832031.25000,     -40.58970,
    27954101.56250,     -46.98970,
    28076171.87500,     -46.98970,
    28198242.18750,     -46.98970,
    28320312.50000,     -46.98970,
    28442382.81250,     -46.98970,
    28564453.12500,     -46.98970,
    28686523.43750,     -46.98970,
    28808593.75000,     -46.98970,
    28930664.06250,     -44.58970,
    29052734.37500,     -44.58970,
    29174804.68750,     -44.58970,
    29296875.00000,     -40.58970,
    29418945.31250,     -40.58970,
    29541015.62500,     -38.58970,
    29663085.93750,     -40.58970,
    29785156.25000,     -40.58970,
    29907226.56250,     -44.58970,
    30029296.87500,     -46.98970,
    30151367.18750,     -44.58970,
    30273437.50000,     -40.58970,
    30395507.81250,     -36.18970,
    30517578.12500,     -40.58970,
    30639648.43750,     -41.38970,
    30761718.75000,     -44.58970,
    30883789.06250,     -40.58970,
    31005859.37500,     -46.98970,
    31127929.68750,     -46.98970,
    31250000.00000,     -46.98970,
    31372070.31250,     -44.58970,
    31494140.62500,     -44.58970,
    31616210.93750,     -46.98970,
    31738281.25000,     -44.58970,
    31860351.56250,     -44.58970,
    31982421.87500,     -46.98970,
    32104492.18750,     -46.98970,
    32226562.50000,     -46.98970,
    32348632.81250,     -46.98970,
    32470703.12500,     -46.98970,
    32592773.43750,     -46.98970,
    32714843.75000,     -44.58970,
    32836914.06250,     -38.58970,
    32958984.37500,     -38.58970,
    33081054.68750,     -46.98970,
    33203125.00000,     -46.98970,
    33325195.31250,     -44.58970,
    33447265.62500,     -44.58970,
    33569335.93750,     -44.58970,
    33691406.25000,     -46.98970,
    33813476.56250,     -46.98970,
    33935546.87500,     -46.98970,
    34057617.18750,     -46.98970,
    34179687.50000,     -46.98970,
    34301757.81250,     -41.38970,
    34423828.12500,     -41.38970,
    34545898.43750,     -41.38970,
    34667968.75000,     -40.58970,
    34790039.06250,     -44.58970,
    34912109.37500,     -44.58970,
    35034179.68750,     -44.58970,
    35156250.00000,     -44.58970,
    35278320.31250,     -44.58970,
    35400390.62500,     -46.98970,
    35522460.93750,     -46.98970,
    35644531.25000,     -44.58970,
    35766601.56250,     -46.98970,
    35888671.87500,     -44.58970,
    36010742.18750,     -40.58970,
    36132812.50000,     -40.58970,
    36254882.81250,     -46.98970,
    36376953.12500,     -44.58970,
    36499023.43750,     -46.98970,
    36621093.75000,     -46.98970,
    36743164.06250,     -46.98970,
    36865234.37500,     -46.98970,
    36987304.68750,     -46.98970,
    37109375.00000,     -46.98970,
    37231445.31250,     -46.98970,
    37353515.62500,     -44.58970,
    37475585.93750,     -46.98970,
    37597656.25000,     -44.58970,
    37719726.56250,     -46.98970,
    37841796.87500,     -46.98970,
    37963867.18750,     -44.58970,
    38085937.50000,     -40.58970,
    38208007.81250,     -37.38970,
    38330078.12500,     -37.38970,
    38452148.43750,     -41.38970,
    38574218.75000,     -46.98970,
    38696289.06250,     -44.58970,
    38818359.37500,     -44.58970,
    38940429.68750,     -46.98970,
    39062500.00000,     -46.98970,
    39184570.31250,     -46.98970,
    39306640.62500,     -46.98970,
    39428710.93750,     -46.98970,
    39550781.25000,     -46.98970,
    39672851.56250,     -44.58970,
    39794921.87500,     -44.58970,
    39916992.18750,     -44.58970,
    40039062.50000,     -46.98970,
    40161132.81250,     -46.98970,
    40283203.12500,     -46.98970,
    40405273.43750,     -46.98970,
    40527343.75000,     -46.98970,
    40649414.06250,     -40.58970,
    40771484.37500,     -46.98970,
    40893554.68750,     -46.98970,
    41015625.00000,     -46.98970,
    41137695.31250,     -41.38970,
    41259765.62500,     -44.58970,
    41381835.93750,     -46.98970,
    41503906.25000,     -40.58970,
    41625976.56250,     -46.98970,
    41748046.87500,     -46.98970,
    41870117.18750,     -46.98970,
    41992187.50000,     -46.98970,
    42114257.81250,     -46.98970,
    42236328.12500,     -46.98970,
    42358398.43750,     -44.58970,
    42480468.75000,     -46.98970,
    42602539.06250,     -38.58970,
    42724609.37500,     -38.58970,
    42846679.68750,     -38.58970,
    42968750.00000,     -40.58970,
    43090820.31250,     -44.58970,
    43212890.62500,     -41.38970,
    43334960.93750,     -40.58970,
    43457031.25000,     -40.58970,
    43579101.56250,     -37.78970,
    43701171.87500,     -37.38970,
    43823242.18750,     -40.58970,
    43945312.50000,     -41.38970,
    44067382.81250,     -41.38970,
    44189453.12500,     -38.58970,
    44311523.43750,     -44.58970,
    44433593.75000,     -46.98970,
    44555664.06250,     -44.58970,
    44677734.37500,     -41.38970,
    44799804.68750,     -41.38970,
    44921875.00000,     -46.98970,
    45043945.31250,     -46.98970,
    45166015.62500,     -46.98970,
    45288085.93750,     -46.98970,
    45410156.25000,     -46.98970,
    45532226.56250,     -46.98970,
    45654296.87500,     -46.98970,
    45776367.18750,     -44.58970,
    45898437.50000,     -46.98970,
    46020507.81250,     -46.98970,
    46142578.12500,     -46.98970,
    46264648.43750,     -46.98970,
    46386718.75000,     -40.58970,
    46508789.06250,     -38.58970,
    46630859.37500,     -40.58970,
    46752929.68750,     -46.98970,
    46875000.00000,     -44.58970,
    46997070.31250,     -44.58970,
    47119140.62500,     -44.58970,
    47241210.93750,     -40.58970,
    47363281.25000,     -41.38970,
    47485351.56250,     -46.98970,
    47607421.87500,     -46.98970,
    47729492.18750,     -44.58970,
    47851562.50000,     -46.98970,
    47973632.81250,     -46.98970,
    48095703.12500,     -46.98970,
    48217773.43750,     -46.98970,
    48339843.75000,     -46.98970,
    48461914.06250,     -40.58970,
    48583984.37500,     -40.58970,
    48706054.68750,     -44.58970,
    48828125.00000,     -46.98970,
    48950195.31250,     -46.98970,
    49072265.62500,     -44.58970,
    49194335.93750,     -46.98970,
    49316406.25000,     -40.58970,
    49438476.56250,     -40.58970,
    49560546.87500,     -41.38970,
    49682617.18750,     -37.38970,
    49804687.50000,     -37.38970,
    49926757.81250,     -38.58970,
    50048828.12500,     -40.58970,
    50170898.43750,     -46.98970,
    50292968.75000,     -41.38970,
    50415039.06250,     -40.58970,
    50537109.37500,     -40.58970,
    50659179.68750,     -44.58970,
    50781250.00000,     -46.98970,
    50903320.31250,     -46.98970,
    51025390.62500,     -44.58970,
    51147460.93750,     -44.58970,
    51269531.25000,     -46.98970,
    51391601.56250,     -46.98970,
    51513671.87500,     -46.98970,
    51635742.18750,     -46.98970,
    51757812.50000,     -46.98970,
    51879882.81250,     -44.58970,
    52001953.12500,     -46.98970,
    52124023.43750,     -46.98970,
    52246093.75000,     -46.98970,
    52368164.06250,     -46.98970,
    52490234.37500,     -46.98970,
    52612304.68750,     -44.58970,
    52734375.00000,     -44.58970,
    52856445.31250,     -41.38970,
    52978515.62500,     -40.58970,
    53100585.93750,     -40.58970,
    53222656.25000,     -44.58970,
    53344726.56250,     -41.38970,
    53466796.87500,     -40.58970,
    53588867.18750,     -46.98970,
    53710937.50000,     -44.58970,
    53833007.81250,     -44.58970,
    53955078.12500,     -40.58970,
    54077148.43750,     -37.38970,
    54199218.75000,     -37.38970,
    54321289.06250,     -40.58970,
    54443359.37500,     -44.58970,
    54565429.68750,     -46.98970,
    54687500.00000,     -46.98970,
    54809570.31250,     -46.98970,
    54931640.62500,     -44.58970,
    55053710.93750,     -46.98970,
    55175781.25000,     -46.98970,
    55297851.56250,     -44.58970,
    55419921.87500,     -44.58970,
    55541992.18750,     -44.58970,
    55664062.50000,     -46.98970,
    55786132.81250,     -46.98970,
    55908203.12500,     -46.98970,
    56030273.43750,     -46.98970,
    56152343.75000,     -44.58970,
    56274414.06250,     -40.58970,
    56396484.37500,     -46.98970,
    56518554.68750,     -46.98970,
    56640625.00000,     -40.58970,
    56762695.31250,     -37.78970,
    56884765.62500,     -40.58970,
    57006835.93750,     -46.98970,
    57128906.25000,     -46.98970,
    57250976.56250,     -44.58970,
    57373046.87500,     -44.58970,
    57495117.18750,     -44.58970,
    57617187.50000,     -46.98970,
    57739257.81250,     -46.98970,
    57861328.12500,     -46.98970,
    57983398.43750,     -46.98970,
    58105468.75000,     -44.58970,
    58227539.06250,     -46.98970,
    58349609.37500,     -46.98970,
    58471679.68750,     -44.58970,
    58593750.00000,     -46.98970,
    58715820.31250,     -46.98970,
    58837890.62500,     -44.58970,
    58959960.93750,     -40.58970,
    59082031.25000,     -38.58970,
    59204101.56250,     -41.38970,
    59326171.87500,     -46.98970,
    59448242.18750,     -44.58970,
    59570312.50000,     -38.58970,
    59692382.81250,     -38.58970,
    59814453.12500,     -44.58970,
    59936523.43750,     -44.58970,
    60058593.75000,     -46.98970,
    60180664.06250,     -40.58970,
    60302734.37500,     -44.58970,
    60424804.68750,     -46.98970,
    60546875.00000,     -41.38970,
    60668945.31250,     -41.38970,
    60791015.62500,     -46.98970,
    60913085.93750,     -46.98970,
    61035156.25000,     -46.98970,
    61157226.56250,     -46.98970,
    61279296.87500,     -46.98970,
    61401367.18750,     -46.98970,
    61523437.50000,     -46.98970,
    61645507.81250,     -46.98970,
    61767578.12500,     -41.38970,
    61889648.43750,     -37.78970,
    62011718.75000,     -41.38970,
    62133789.06250,     -41.38970,
    62255859.37500,     -46.98970,
    62377929.68750,     -46.98970,
    62500000.00000,     -40.58970,
    62622070.31250,     -38.58970,
    62744140.62500,     -38.58970,
    62866210.93750,     -46.98970,
    62988281.25000,     -44.58970,
    63110351.56250,     -44.58970,
    63232421.87500,     -44.58970,
    63354492.18750,     -46.98970,
    63476562.50000,     -46.98970,
    63598632.81250,     -46.98970,
    63720703.12500,     -46.98970,
    63842773.43750,     -46.98970,
    63964843.75000,     -44.58970,
    64086914.06250,     -44.58970,
    64208984.37500,     -44.58970,
    64331054.68750,     -44.58970,
    64453125.00000,     -44.58970,
    64575195.31250,     -46.98970,
    64697265.62500,     -46.98970,
    64819335.93750,     -44.58970,
    64941406.25000,     -44.58970,
    65063476.56250,     -46.98970,
    65185546.87500,     -46.98970,
    65307617.18750,     -46.98970,
    65429687.50000,     -44.58970,
    65551757.81250,     -40.58970,
    65673828.12500,     -46.98970,
    65795898.43750,     -41.38970,
    65917968.75000,     -46.98970,
    66040039.06250,     -46.98970,
    66162109.37500,     -46.98970,
    66284179.68750,     -46.98970,
    66406250.00000,     -46.98970,
    66528320.31250,     -46.98970,
    66650390.62500,     -46.98970,
    66772460.93750,     -44.58970,
    66894531.25000,     -46.98970,
    67016601.56250,     -46.98970,
    67138671.87500,     -46.98970,
    67260742.18750,     -44.58970,
    67382812.50000,     -44.58970,
    67504882.81250,     -37.78970,
    67626953.12500,     -40.58970,
    67749023.43750,     -40.58970,
    67871093.75000,     -46.98970,
    67993164.06250,     -40.58970,
    68115234.37500,     -40.58970,
    68237304.68750,     -34.98970,
    68359375.00000,     -35.38970,
    68481445.31250,     -40.58970,
    68603515.62500,     -46.98970,
    68725585.93750,     -46.98970,
    68847656.25000,     -44.58970,
    68969726.56250,     -44.58970,
    69091796.87500,     -40.58970,
    69213867.18750,     -41.38970,
    69335937.50000,     -44.58970,
    69458007.81250,     -46.98970,
    69580078.12500,     -46.98970,
    69702148.43750,     -40.58970,
    69824218.75000,     -41.38970,
    69946289.06250,     -37.78970,
    70068359.37500,     -40.58970,
    70190429.68750,     -46.98970,
    70312500.00000,     -44.58970,
    70434570.31250,     -44.58970,
    70556640.62500,     -40.58970,
    70678710.93750,     -44.58970,
    70800781.25000,     -46.98970,
    70922851.56250,     -44.58970,
    71044921.87500,     -44.58970,
    71166992.18750,     -44.58970,
    71289062.50000,     -41.38970,
    71411132.81250,     -46.98970,
    71533203.12500,     -46.98970,
    71655273.43750,     -46.98970,
    71777343.75000,     -44.58970,
    71899414.06250,     -44.58970,
    72021484.37500,     -46.98970,
    72143554.68750,     -41.38970,
    72265625.00000,     -38.58970,
    72387695.31250,     -38.58970,
    72509765.62500,     -41.38970,
    72631835.93750,     -41.38970,
    72753906.25000,     -40.58970,
    72875976.56250,     -40.58970,
    72998046.87500,     -37.38970,
    73120117.18750,     -40.58970,
    73242187.50000,     -40.58970,
    73364257.81250,     -44.58970,
    73486328.12500,     -46.98970,
    73608398.43750,     -46.98970,
    73730468.75000,     -46.98970,
    73852539.06250,     -46.98970,
    73974609.37500,     -46.98970,
    74096679.68750,     -46.98970,
    74218750.00000,     -46.98970,
    74340820.31250,     -44.58970,
    74462890.62500,     -46.98970,
    74584960.93750,     -46.98970,
    74707031.25000,     -40.58970,
    74829101.56250,     -40.58970,
    74951171.87500,     -40.58970,
    75073242.18750,     -40.58970,
    75195312.50000,     -44.58970,
    75317382.81250,     -46.98970,
    75439453.12500,     -46.98970,
    75561523.43750,     -44.58970,
    75683593.75000,     -40.58970,
    75805664.06250,     -44.58970,
    75927734.37500,     -46.98970,
    76049804.68750,     -44.58970,
    76171875.00000,     -46.98970,
    76293945.31250,     -44.58970,
    76416015.62500,     -44.58970,
    76538085.93750,     -44.58970,
    76660156.25000,     -46.98970,
    76782226.56250,     -46.98970,
    76904296.87500,     -46.98970,
    77026367.18750,     -46.98970,
    77148437.50000,     -44.58970,
    77270507.81250,     -38.58970,
    77392578.12500,     -41.38970,
    77514648.43750,     -40.58970,
    77636718.75000,     -37.38970,
    77758789.06250,     -37.38970,
    77880859.37500,     -40.58970,
    78002929.68750,     -44.58970,
    78125000.00000,     -46.98970,
    78247070.31250,     -44.58970,
    78369140.62500,     -40.58970,
    78491210.93750,     -46.98970,
    78613281.25000,     -46.98970,
    78735351.56250,     -46.98970,
    78857421.87500,     -46.98970,
    78979492.18750,     -46.98970,
    79101562.50000,     -44.58970,
    79223632.81250,     -46.98970,
    79345703.12500,     -40.58970,
    79467773.43750,     -44.58970,
    79589843.75000,     -44.58970,
    79711914.06250,     -46.98970,
    79833984.37500,     -46.98970,
    79956054.68750,     -44.58970,
    80078125.00000,     -46.98970,
    80200195.31250,     -44.58970,
    80322265.62500,     -44.58970,
    80444335.93750,     -46.98970,
    80566406.25000,     -44.58970,
    80688476.56250,     -40.58970,
    80810546.87500,     -38.58970,
    80932617.18750,     -36.18970,
    81054687.50000,     -37.38970,
    81176757.81250,     -36.18970,
    81298828.12500,     -36.18970,
    81420898.43750,     -36.18970,
    81542968.75000,     -38.58970,
    81665039.06250,     -41.38970,
    81787109.37500,     -46.98970,
    81909179.68750,     -46.98970,
    82031250.00000,     -46.98970,
    82153320.31250,     -46.98970,
    82275390.62500,     -46.98970,
    82397460.93750,     -40.58970,
    82519531.25000,     -40.58970,
    82641601.56250,     -41.38970,
    82763671.87500,     -46.98970,
    82885742.18750,     -46.98970,
    83007812.50000,     -46.98970,
    83129882.81250,     -46.98970,
    83251953.12500,     -44.58970,
    83374023.43750,     -44.58970,
    83496093.75000,     -44.58970,
    83618164.06250,     -46.98970,
    83740234.37500,     -46.98970,
    83862304.68750,     -46.98970,
    83984375.00000,     -46.98970,
    84106445.31250,     -46.98970,
    84228515.62500,     -46.98970,
    84350585.93750,     -46.98970,
    84472656.25000,     -46.98970,
    84594726.56250,     -46.98970,
    84716796.87500,     -46.98970,
    84838867.18750,     -41.38970,
    84960937.50000,     -46.98970,
    85083007.81250,     -46.98970,
    85205078.12500,     -46.98970,
    85327148.43750,     -46.98970,
    85449218.75000,     -46.98970,
    85571289.06250,     -46.98970,
    85693359.37500,     -46.98970,
    85815429.68750,     -46.98970,
    85937500.00000,     -46.98970,
    86059570.31250,     -46.98970,
    86181640.62500,     -41.38970,
    86303710.93750,     -46.98970,
    86425781.25000,     -44.58970,
    86547851.56250,     -41.38970,
    86669921.87500,     -41.38970,
    86791992.18750,     -37.38970,
    86914062.50000,     -37.38970,
    87036132.81250,     -40.58970,
    87158203.12500,     -44.58970,
    87280273.43750,     -46.98970,
    87402343.75000,     -40.58970,
    87524414.06250,     -46.98970,
    87646484.37500,     -44.58970,
    87768554.68750,     -41.38970,
    87890625.00000,     -40.58970,
    88012695.31250,     -40.58970,
    88134765.62500,     -44.58970,
    88256835.93750,     -41.38970,
    88378906.25000,     -40.58970,
    88500976.56250,     -41.38970,
    88623046.87500,     -44.58970,
    88745117.18750,     -46.98970,
    88867187.50000,     -46.98970,
    88989257.81250,     -46.98970,
    89111328.12500,     -40.58970,
    89233398.43750,     -44.58970,
    89355468.75000,     -46.98970,
    89477539.06250,     -44.58970,
    89599609.37500,     -38.58970,
    89721679.68750,     -40.58970,
    89843750.00000,     -44.58970,
    89965820.31250,     -44.58970,
    90087890.62500,     -46.98970,
    90209960.93750,     -44.58970,
    90332031.25000,     -40.58970,
    90454101.56250,     -44.58970,
    90576171.87500,     -40.58970,
    90698242.18750,     -44.58970,
    90820312.50000,     -46.98970,
    90942382.81250,     -46.98970,
    91064453.12500,     -46.98970,
    91186523.43750,     -41.38970,
    91308593.75000,     -41.38970,
    91430664.06250,     -46.98970,
    91552734.37500,     -46.98970,
    91674804.68750,     -44.58970,
    91796875.00000,     -40.58970,
    91918945.31250,     -46.98970,
    92041015.62500,     -46.98970,
    92163085.93750,     -44.58970,
    92285156.25000,     -46.98970,
    92407226.56250,     -44.58970,
    92529296.87500,     -37.78970,
    92651367.18750,     -46.98970,
    92773437.50000,     -44.58970,
    92895507.81250,     -40.58970,
    93017578.12500,     -41.38970,
    93139648.43750,     -41.38970,
    93261718.75000,     -41.38970,
    93383789.06250,     -46.98970,
    93505859.37500,     -46.98970,
    93627929.68750,     -46.98970,
    93750000.00000,     -41.38970,
    93872070.31250,     -44.58970,
    93994140.62500,     -40.58970,
    94116210.93750,     -44.58970,
    94238281.25000,     -46.98970,
    94360351.56250,     -44.58970,
    94482421.87500,     -40.58970,
    94604492.18750,     -44.58970,
    94726562.50000,     -46.98970,
    94848632.81250,     -40.58970,
    94970703.12500,     -44.58970,
    95092773.43750,     -44.58970,
    95214843.75000,     -46.98970,
    95336914.06250,     -46.98970,
    95458984.37500,     -46.98970,
    95581054.68750,     -46.98970,
    95703125.00000,     -46.98970,
    95825195.31250,     -46.98970,
    95947265.62500,     -40.58970,
    96069335.93750,     -40.58970,
    96191406.25000,     -40.58970,
    96313476.56250,     -40.58970,
    96435546.87500,     -40.58970,
    96557617.18750,     -44.58970,
    96679687.50000,     -46.98970,
    96801757.81250,     -46.98970,
    96923828.12500,     -44.58970,
    97045898.43750,     -40.58970,
    97167968.75000,     -37.78970,
    97290039.06250,     -40.58970,
    97412109.37500,     -37.38970,
    97534179.68750,     -37.38970,
    97656250.00000,     -44.58970,
    97778320.31250,     -44.58970,
    97900390.62500,     -46.98970,
    98022460.93750,     -46.98970,
    98144531.25000,     -44.58970,
    98266601.56250,     -44.58970,
    98388671.87500,     -44.58970,
    98510742.18750,     -41.38970,
    98632812.50000,     -44.58970,
    98754882.81250,     -44.58970,
    98876953.12500,     -44.58970,
    98999023.43750,     -40.58970,
    99121093.75000,     -46.98970,
    99243164.06250,     -46.98970,
    99365234.37500,     -46.98970,
    99487304.68750,     -46.98970,
    99609375.00000,     -44.58970,
    99731445.31250,     -44.58970,
    99853515.62500,     -40.58970,
    99975585.93750,     -41.38970,
   100097656.25000,     -46.98970,
   100219726.56250,     -41.38970,
   100341796.87500,     -37.38970,
   100463867.18750,     -44.58970,
   100585937.50000,     -46.98970,
   100708007.81250,     -46.98970,
   100830078.12500,     -40.58970,
   100952148.43750,     -40.58970,
   101074218.75000,     -44.58970,
   101196289.06250,     -46.98970,
   101318359.37500,     -40.58970,
   101440429.68750,     -44.58970,
   101562500.00000,     -46.98970,
   101684570.31250,     -46.98970,
   101806640.62500,     -44.58970,
   101928710.93750,     -44.58970,
   102050781.25000,     -44.58970,
   102172851.56250,     -46.98970,
   102294921.87500,     -46.98970,
   102416992.18750,     -46.98970,
   102539062.50000,     -46.98970,
   102661132.81250,     -44.58970,
   102783203.12500,     -46.98970,
   102905273.43750,     -44.58970,
   103027343.75000,     -44.58970,
   103149414.06250,     -44.58970,
   103271484.37500,     -46.98970,
   103393554.68750,     -41.38970,
   103515625.00000,     -41.38970,
   103637695.31250,     -44.58970,
   103759765.62500,     -46.98970,
   103881835.93750,     -46.98970,
   104003906.25000,     -46.98970,
   104125976.56250,     -44.58970,
   104248046.87500,     -38.58970,
   104370117.18750,     -40.58970,
   104492187.50000,     -46.98970,
   104614257.81250,     -41.38970,
   104736328.12500,     -40.58970,
   104858398.43750,     -40.58970,
   104980468.75000,     -44.58970,
   105102539.06250,     -44.58970,
   105224609.37500,     -46.98970,
   105346679.68750,     -46.98970,
   105468750.00000,     -44.58970,
   105590820.31250,     -46.98970,
   105712890.62500,     -46.98970,
   105834960.93750,     -46.98970,
   105957031.25000,     -44.58970,
   106079101.56250,     -40.58970,
   106201171.87500,     -46.98970,
   106323242.18750,     -46.98970,
   106445312.50000,     -46.98970,
   106567382.81250,     -46.98970,
   106689453.12500,     -44.58970,
   106811523.43750,     -46.98970,
   106933593.75000,     -46.98970,
   107055664.06250,     -46.98970,
   107177734.37500,     -44.58970,
   107299804.68750,     -44.58970,
   107421875.00000,     -46.98970,
   107543945.31250,     -46.98970,
   107666015.62500,     -46.98970,
   107788085.93750,     -46.98970,
   107910156.25000,     -46.98970,
   108032226.56250,     -44.58970,
   108154296.87500,     -41.38970,
   108276367.18750,     -44.58970,
   108398437.50000,     -40.58970,
   108520507.81250,     -44.58970,
   108642578.12500,     -46.98970,
   108764648.43750,     -46.98970,
   108886718.75000,     -46.98970,
   109008789.06250,     -44.58970,
   109130859.37500,     -46.98970,
   109252929.68750,     -46.98970,
   109375000.00000,     -46.98970,
   109497070.31250,     -46.98970,
   109619140.62500,     -46.98970,
   109741210.93750,     -46.98970,
   109863281.25000,     -46.98970,
   109985351.56250,     -46.98970,
   110107421.87500,     -46.98970,
   110229492.18750,     -46.98970,
   110351562.50000,     -44.58970,
   110473632.81250,     -46.98970,
   110595703.12500,     -46.98970,
   110717773.43750,     -41.38970,
   110839843.75000,     -44.58970,
   110961914.06250,     -41.38970,
   111083984.37500,     -41.38970,
   111206054.68750,     -46.98970,
   111328125.00000,     -46.98970,
   111450195.31250,     -46.98970,
   111572265.62500,     -46.98970,
   111694335.93750,     -46.98970,
   111816406.25000,     -44.58970,
   111938476.56250,     -46.98970,
   112060546.87500,     -46.98970,
   112182617.18750,     -46.98970,
   112304687.50000,     -46.98970,
   112426757.81250,     -44.58970,
   112548828.12500,     -46.98970,
   112670898.43750,     -46.98970,
   112792968.75000,     -40.58970,
   112915039.06250,     -44.58970,
   113037109.37500,     -40.58970,
   113159179.68750,     -44.58970,
   113281250.00000,     -46.98970,
   113403320.31250,     -40.58970,
   113525390.62500,     -40.58970,
   113647460.93750,     -40.58970,
   113769531.25000,     -40.58970,
   113891601.56250,     -44.58970,
   114013671.87500,     -46.98970,
   114135742.18750,     -41.38970,
   114257812.50000,     -46.98970,
   114379882.81250,     -44.58970,
   114501953.12500,     -46.98970,
   114624023.43750,     -41.38970,
   114746093.75000,     -44.58970,
   114868164.06250,     -44.58970,
   114990234.37500,     -46.98970,
   115112304.68750,     -46.98970,
   115234375.00000,     -46.98970,
   115356445.31250,     -46.98970,
   115478515.62500,     -46.98970,
   115600585.93750,     -40.58970,
   115722656.25000,     -46.98970,
   115844726.56250,     -37.78970,
   115966796.87500,     -46.98970,
   116088867.18750,     -46.98970,
   116210937.50000,     -41.38970,
   116333007.81250,     -41.38970,
   116455078.12500,     -46.98970,
   116577148.43750,     -44.58970,
   116699218.75000,     -46.98970,
   116821289.06250,     -44.58970,
   116943359.37500,     -40.58970,
   117065429.68750,     -46.98970,
   117187500.00000,     -41.38970,
   117309570.31250,     -41.38970,
   117431640.62500,     -40.58970,
   117553710.93750,     -40.58970,
   117675781.25000,     -44.58970,
   117797851.56250,     -46.98970,
   117919921.87500,     -46.98970,
   118041992.18750,     -46.98970,
   118164062.50000,     -46.98970,
   118286132.81250,     -46.98970,
   118408203.12500,     -46.98970,
   118530273.43750,     -46.98970,
   118652343.75000,     -46.98970,
   118774414.06250,     -46.98970,
   118896484.37500,     -46.98970,
   119018554.68750,     -44.58970,
   119140625.00000,     -44.58970,
   119262695.31250,     -40.58970,
   119384765.62500,     -34.98970,
   119506835.93750,     -38.58970,
   119628906.25000,     -46.98970,
   119750976.56250,     -46.98970,
   119873046.87500,     -46.98970,
   119995117.18750,     -46.98970,
   120117187.50000,     -46.98970,
   120239257.81250,     -46.98970,
   120361328.12500,     -44.58970,
   120483398.43750,     -40.58970,
   120605468.75000,     -37.38970,
   120727539.06250,     -40.58970,
   120849609.37500,     -46.98970,
   120971679.68750,     -46.98970,
   121093750.00000,     -37.38970,
   121215820.31250,     -37.38970,
   121337890.62500,     -37.78970,
   121459960.93750,     -40.58970,
   121582031.25000,     -46.98970,
   121704101.56250,     -46.98970,
   121826171.87500,     -46.98970,
   121948242.18750,     -46.98970,
   122070312.50000,     -46.98970,
   122192382.81250,     -44.58970,
   122314453.12500,     -46.98970,
   122436523.43750,     -46.98970,
   122558593.75000,     -44.58970,
   122680664.06250,     -46.98970,
   122802734.37500,     -46.98970,
   122924804.68750,     -46.98970,
   123046875.00000,     -46.98970,
   123168945.31250,     -46.98970,
   123291015.62500,     -44.58970,
   123413085.93750,     -41.38970,
   123535156.25000,     -46.98970,
   123657226.56250,     -44.58970,
   123779296.87500,     -44.58970,
   123901367.18750,     -46.98970,
   124023437.50000,     -46.98970,
   124145507.81250,     -46.98970,
   124267578.12500,     -44.58970,
   124389648.43750,     -46.98970,
   124511718.75000,     -38.58970,
   124633789.06250,     -38.58970,
   124755859.37500,     -40.58970,
   124877929.68750,     -44.58970,
