  -00.000202400000,       0.00000,
  -00.000202200000,       0.00000,
  -00.000202000000,       0.20000,
  -00.000201800000,       0.20000,
  -00.000201600000,       0.20000,
  -00.000201400000,       0.40000,
  -00.000201200000,       0.60000,
  -00.000201000000,       0.60000,
  -00.000200800000,       0.60000,
  -00.000200600000,       0.60000,
  -00.000200400000,       0.80000,
  -00.000200200000,       1.00000,
  -00.000200000000,       0.80000,
  -00.000199800000,       0.80000,
  -00.000199600000,       1.20000,
  -00.000199400000,       1.20000,
  -00.000199200000,       1.00000,
  -00.000199000000,       1.00000,
  -00.000198800000,       1.40000,
  -00.000198600000,       1.40000,
  -00.000198400000,       1.20000,
  -00.000198200000,       1.40000,
  -00.000198000000,       1.40000,
  -00.000197800000,       1.40000,
  -00.000197600000,       1.60000,
  -00.000197400000,       1.80000,
  -00.000197200000,       1.60000,
  -00.000197000000,       1.60000,
  -00.000196800000,       2.00000,
  -00.000196600000,       2.00000,
  -00.000196400000,       2.00000,
  -00.000196200000,       2.20000,
  -00.000196000000,       2.00000,
  -00.000195800000,       2.00000,
  -00.000195600000,       2.00000,
  -00.000195400000,       2.20000,
  -00.000195200000,       2.20000,
  -00.000195000000,       2.20000,
  -00.000194800000,       2.40000,
  -00.000194600000,       2.40000,
  -00.000194400000,       2.60000,
  -00.000194200000,       2.80000,
  -00.000194000000,       2.60000,
  -00.000193800000,       2.80000,
  -00.000193600000,       2.60000,
  -00.000193400000,       2.80000,
  -00.000193200000,       2.80000,
  -00.000193000000,       2.80000,
  -00.000192800000,       2.80000,
  -00.000192600000,       3.20000,
  -00.000192400000,       3.20000,
  -00.000192200000,       3.20000,
  -00.000192000000,       3.20000,
  -00.000191800000,       3.40000,
  -00.000191600000,       3.60000,
  -00.000191400000,       3.40000,
  -00.000191200000,       3.40000,
  -00.000191000000,       3.60000,
  -00.000190800000,       3.80000,
  -00.000190600000,       3.60000,
  -00.000190400000,       3.80000,
  -00.000190200000,       3.80000,
  -00.000190000000,       3.60000,
  -00.000189800000,       3.80000,
  -00.000189600000,       3.80000,
  -00.000189400000,       4.00000,
  -00.000189200000,       4.20000,
  -00.000189000000,       4.20000,
  -00.000188800000,       4.00000,
  -00.000188600000,       4.20000,
  -00.000188400000,       4.20000,
  -00.000188200000,       4.20000,
  -00.000188000000,       4.40000,
  -00.000187800000,       4.40000,
  -00.000187600000,       4.60000,
  -00.000187400000,       4.60000,
  -00.000187200000,       4.60000,
  -00.000187000000,       4.80000,
  -00.000186800000,       4.60000,
  -00.000186600000,       4.80000,
  -00.000186400000,       4.80000,
  -00.000186200000,       4.80000,
  -00.000186000000,       5.00000,
  -00.000185800000,       5.00000,
  -00.000185600000,       5.00000,
  -00.000185400000,       5.20000,
  -00.000185200000,       5.40000,
  -00.000185000000,       5.40000,
  -00.000184800000,       5.20000,
  -00.000184600000,       5.20000,
  -00.000184400000,       5.60000,
  -00.000184200000,       5.40000,
  -00.000184000000,       5.40000,
  -00.000183800000,       5.40000,
  -00.000183600000,       5.60000,
  -00.000183400000,       5.40000,
  -00.000183200000,       5.80000,
  -00.000183000000,       5.80000,
  -00.000182800000,       5.80000,
  -00.000182600000,       5.80000,
  -00.000182400000,       5.80000,
  -00.000182200000,       6.00000,
  -00.000182000000,       6.00000,
  -00.000181800000,       6.00000,
  -00.000181600000,       6.20000,
  -00.000181400000,       6.00000,
  -00.000181200000,       6.40000,
  -00.000181000000,       6.20000,
  -00.000180800000,       6.20000,
  -00.000180600000,       6.40000,
  -00.000180400000,       6.20000,
  -00.000180200000,       6.60000,
  -00.000180000000,       6.20000,
  -00.000179800000,       6.60000,
  -00.000179600000,       6.40000,
  -00.000179400000,       6.40000,
  -00.000179200000,       6.60000,
  -00.000179000000,       6.60000,
  -00.000178800000,       6.80000,
  -00.000178600000,       6.80000,
  -00.000178400000,       7.00000,
  -00.000178200000,       7.00000,
  -00.000178000000,       7.00000,
  -00.000177800000,       6.80000,
  -00.000177600000,       7.00000,
  -00.000177400000,       7.00000,
  -00.000177200000,       7.20000,
  -00.000177000000,       7.40000,
  -00.000176800000,       7.20000,
  -00.000176600000,       7.40000,
  -00.000176400000,       7.20000,
  -00.000176200000,       7.40000,
  -00.000176000000,       7.40000,
  -00.000175800000,       7.60000,
  -00.000175600000,       7.40000,
  -00.000175400000,       7.60000,
  -00.000175200000,       7.60000,
  -00.000175000000,       7.40000,
  -00.000174800000,       7.60000,
  -00.000174600000,       7.60000,
  -00.000174400000,       7.60000,
  -00.000174200000,       7.80000,
  -00.000174000000,       7.80000,
  -00.000173800000,       7.80000,
  -00.000173600000,       7.80000,
  -00.000173400000,       7.80000,
  -00.000173200000,       7.80000,
  -00.000173000000,       7.80000,
  -00.000172800000,       8.00000,
  -00.000172600000,       8.00000,
  -00.000172400000,       8.00000,
  -00.000172200000,       8.20000,
  -00.000172000000,       8.00000,
  -00.000171800000,       8.20000,
  -00.000171600000,       8.20000,
  -00.000171400000,       8.20000,
  -00.000171200000,       8.20000,
  -00.000171000000,       8.40000,
  -00.000170800000,       8.40000,
  -00.000170600000,       8.40000,
  -00.000170400000,       8.40000,
  -00.000170200000,       8.60000,
  -00.000170000000,       8.40000,
  -00.000169800000,       8.40000,
  -00.000169600000,       8.60000,
  -00.000169400000,       8.40000,
  -00.000169200000,       8.40000,
  -00.000169000000,       8.80000,
  -00.000168800000,       8.40000,
  -00.000168600000,       8.80000,
  -00.000168400000,       8.80000,
  -00.000168200000,       8.60000,
  -00.000168000000,       8.80000,
  -00.000167800000,       8.80000,
  -00.000167600000,       8.80000,
  -00.000167400000,       8.80000,
  -00.000167200000,       9.00000,
  -00.000167000000,       8.80000,
  -00.000166800000,       9.00000,
  -00.000166600000,       9.00000,
  -00.000166400000,       9.20000,
  -00.000166200000,       9.20000,
  -00.000166000000,       9.40000,
  -00.000165800000,       8.80000,
  -00.000165600000,       9.20000,
  -00.000165400000,       9.20000,
  -00.000165200000,       9.00000,
  -00.000165000000,       9.20000,
  -00.000164800000,       9.20000,
  -00.000164600000,       9.20000,
  -00.000164400000,       9.20000,
  -00.000164200000,       9.20000,
  -00.000164000000,       9.20000,
  -00.000163800000,       9.20000,
  -00.000163600000,       9.40000,
  -00.000163400000,       9.40000,
  -00.000163200000,       9.20000,
  -00.000163000000,       9.40000,
  -00.000162800000,       9.40000,
  -00.000162600000,       9.40000,
  -00.000162400000,       9.40000,
  -00.000162200000,       9.40000,
  -00.000162000000,       9.40000,
  -00.000161800000,       9.40000,
  -00.000161600000,       9.20000,
  -00.000161400000,       9.40000,
  -00.000161200000,       9.60000,
  -00.000161000000,       9.60000,
  -00.000160800000,       9.60000,
  -00.000160600000,       9.60000,
  -00.000160400000,       9.80000,
  -00.000160200000,       9.60000,
  -00.000160000000,       9.40000,
  -00.000159800000,       9.80000,
  -00.000159600000,       9.60000,
  -00.000159400000,       9.80000,
  -00.000159200000,       9.60000,
  -00.000159000000,       9.80000,
  -00.000158800000,       9.80000,
  -00.000158600000,       9.80000,
  -00.000158400000,       9.60000,
  -00.000158200000,       9.60000,
  -00.000158000000,       9.80000,
  -00.000157800000,       9.80000,
  -00.000157600000,       9.80000,
  -00.000157400000,       9.60000,
  -00.000157200000,       9.80000,
  -00.000157000000,       9.80000,
  -00.000156800000,      10.00000,
  -00.000156600000,       9.60000,
  -00.000156400000,      10.00000,
  -00.000156200000,       9.80000,
  -00.000156000000,      10.00000,
  -00.000155800000,       9.80000,
  -00.000155600000,       9.80000,
  -00.000155400000,       9.80000,
  -00.000155200000,      10.00000,
  -00.000155000000,       9.80000,
  -00.000154800000,       9.80000,
  -00.000154600000,      10.20000,
  -00.000154400000,       9.80000,
  -00.000154200000,      10.00000,
  -00.000154000000,       9.60000,
  -00.000153800000,       9.80000,
  -00.000153600000,      10.00000,
  -00.000153400000,       9.80000,
  -00.000153200000,       9.80000,
  -00.000153000000,      10.00000,
  -00.000152800000,       9.80000,
  -00.000152600000,       9.80000,
  -00.000152400000,      10.00000,
  -00.000152200000,       9.80000,
  -00.000152000000,      10.00000,
  -00.000151800000,       9.80000,
  -00.000151600000,       9.80000,
  -00.000151400000,      10.00000,
  -00.000151200000,      10.00000,
  -00.000151000000,      10.00000,
  -00.000150800000,      10.00000,
  -00.000150600000,      10.00000,
  -00.000150400000,       9.80000,
  -00.000150200000,       9.80000,
  -00.000150000000,       9.80000,
  -00.000149800000,      10.00000,
  -00.000149600000,       9.80000,
  -00.000149400000,       9.80000,
  -00.000149200000,       9.80000,
  -00.000149000000,       9.80000,
  -00.000148800000,       9.80000,
  -00.000148600000,       9.80000,
  -00.000148400000,       9.80000,
  -00.000148200000,      10.00000,
  -00.000148000000,       9.80000,
  -00.000147800000,       9.80000,
  -00.000147600000,      10.00000,
  -00.000147400000,       9.80000,
  -00.000147200000,       9.80000,
  -00.000147000000,       9.80000,
  -00.000146800000,       9.80000,
  -00.000146600000,       9.60000,
  -00.000146400000,       9.80000,
  -00.000146200000,       9.80000,
  -00.000146000000,       9.60000,
  -00.000145800000,       9.80000,
  -00.000145600000,       9.80000,
  -00.000145400000,       9.60000,
  -00.000145200000,       9.60000,
  -00.000145000000,       9.60000,
  -00.000144800000,       9.60000,
  -00.000144600000,       9.60000,
  -00.000144400000,       9.60000,
  -00.000144200000,       9.60000,
  -00.000144000000,       9.40000,
  -00.000143800000,       9.40000,
  -00.000143600000,       9.60000,
  -00.000143400000,       9.60000,
  -00.000143200000,       9.40000,
  -00.000143000000,       9.60000,
  -00.000142800000,       9.60000,
  -00.000142600000,       9.40000,
  -00.000142400000,       9.40000,
  -00.000142200000,       9.40000,
  -00.000142000000,       9.40000,
  -00.000141800000,       9.40000,
  -00.000141600000,       9.40000,
  -00.000141400000,       9.40000,
  -00.000141200000,       9.20000,
  -00.000141000000,       9.20000,
  -00.000140800000,       9.20000,
  -00.000140600000,       9.20000,
  -00.000140400000,       9.20000,
  -00.000140200000,       9.20000,
  -00.000140000000,       9.00000,
  -00.000139800000,       9.20000,
  -00.000139600000,       9.00000,
  -00.000139400000,       9.00000,
  -00.000139200000,       9.00000,
  -00.000139000000,       9.00000,
  -00.000138800000,       9.20000,
  -00.000138600000,       8.80000,
  -00.000138400000,       9.00000,
  -00.000138200000,       9.00000,
  -00.000138000000,       9.00000,
  -00.000137800000,       8.80000,
  -00.000137600000,       8.60000,
  -00.000137400000,       9.00000,
  -00.000137200000,       8.60000,
  -00.000137000000,       9.00000,
  -00.000136800000,       8.80000,
  -00.000136600000,       8.60000,
  -00.000136400000,       8.60000,
  -00.000136200000,       8.80000,
  -00.000136000000,       8.80000,
  -00.000135800000,       8.40000,
  -00.000135600000,       8.60000,
  -00.000135400000,       8.60000,
  -00.000135200000,       8.40000,
  -00.000135000000,       8.60000,
  -00.000134800000,       8.40000,
  -00.000134600000,       8.60000,
  -00.000134400000,       8.40000,
  -00.000134200000,       8.20000,
  -00.000134000000,       8.20000,
  -00.000133800000,       8.00000,
  -00.000133600000,       8.00000,
  -00.000133400000,       8.00000,
  -00.000133200000,       8.20000,
  -00.000133000000,       8.20000,
  -00.000132800000,       8.00000,
  -00.000132600000,       8.00000,
  -00.000132400000,       8.20000,
  -00.000132200000,       8.20000,
  -00.000132000000,       8.00000,
  -00.000131800000,       7.80000,
  -00.000131600000,       7.80000,
  -00.000131400000,       7.60000,
  -00.000131200000,       7.60000,
  -00.000131000000,       7.80000,
  -00.000130800000,       7.80000,
  -00.000130600000,       7.60000,
  -00.000130400000,       7.60000,
  -00.000130200000,       7.60000,
  -00.000130000000,       7.60000,
  -00.000129800000,       7.40000,
  -00.000129600000,       7.20000,
  -00.000129400000,       7.20000,
  -00.000129200000,       7.20000,
  -00.000129000000,       7.40000,
  -00.000128800000,       7.20000,
  -00.000128600000,       7.20000,
  -00.000128400000,       7.20000,
  -00.000128200000,       7.20000,
  -00.000128000000,       7.20000,
  -00.000127800000,       7.00000,
  -00.000127600000,       7.00000,
  -00.000127400000,       7.00000,
  -00.000127200000,       7.00000,
  -00.000127000000,       6.80000,
  -00.000126800000,       6.80000,
  -00.000126600000,       6.60000,
  -00.000126400000,       6.80000,
  -00.000126200000,       6.60000,
  -00.000126000000,       6.60000,
  -00.000125800000,       6.40000,
  -00.000125600000,       6.40000,
  -00.000125400000,       6.60000,
  -00.000125200000,       6.40000,
  -00.000125000000,       6.40000,
  -00.000124800000,       6.20000,
  -00.000124600000,       6.20000,
  -00.000124400000,       6.20000,
  -00.000124200000,       6.00000,
  -00.000124000000,       6.20000,
  -00.000123800000,       6.20000,
  -00.000123600000,       6.00000,
  -00.000123400000,       6.00000,
  -00.000123200000,       5.80000,
  -00.000123000000,       5.80000,
  -00.000122800000,       5.80000,
  -00.000122600000,       5.80000,
  -00.000122400000,       5.60000,
  -00.000122200000,       5.60000,
  -00.000122000000,       5.60000,
  -00.000121800000,       5.80000,
  -00.000121600000,       5.60000,
  -00.000121400000,       5.60000,
  -00.000121200000,       5.40000,
  -00.000121000000,       5.40000,
  -00.000120800000,       5.60000,
  -00.000120600000,       5.40000,
  -00.000120400000,       5.40000,
  -00.000120200000,       5.00000,
  -00.000120000000,       5.20000,
  -00.000119800000,       5.20000,
  -00.000119600000,       5.00000,
  -00.000119400000,       5.00000,
  -00.000119200000,       4.80000,
  -00.000119000000,       4.60000,
  -00.000118800000,       4.60000,
  -00.000118600000,       4.80000,
  -00.000118400000,       4.60000,
  -00.000118200000,       4.60000,
  -00.000118000000,       4.60000,
  -00.000117800000,       4.40000,
  -00.000117600000,       4.40000,
  -00.000117400000,       4.40000,
  -00.000117200000,       4.40000,
  -00.000117000000,       4.20000,
  -00.000116800000,       4.20000,
  -00.000116600000,       4.00000,
  -00.000116400000,       4.20000,
  -00.000116200000,       4.20000,
  -00.000116000000,       3.80000,
  -00.000115800000,       4.00000,
  -00.000115600000,       4.00000,
  -00.000115400000,       3.80000,
  -00.000115200000,       3.80000,
  -00.000115000000,       3.60000,
  -00.000114800000,       3.60000,
  -00.000114600000,       3.40000,
  -00.000114400000,       3.60000,
  -00.000114200000,       3.40000,
  -00.000114000000,       3.60000,
  -00.000113800000,       3.40000,
  -00.000113600000,       3.20000,
  -00.000113400000,       3.40000,
  -00.000113200000,       3.20000,
  -00.000113000000,       3.20000,
  -00.000112800000,       3.00000,
  -00.000112600000,       3.00000,
  -00.000112400000,       3.00000,
  -00.000112200000,       3.00000,
  -00.000112000000,       2.80000,
  -00.000111800000,       2.80000,
  -00.000111600000,       3.00000,
  -00.000111400000,       2.80000,
  -00.000111200000,       2.40000,
  -00.000111000000,       2.60000,
  -00.000110800000,       2.60000,
  -00.000110600000,       2.20000,
  -00.000110400000,       2.20000,
  -00.000110200000,       2.40000,
  -00.000110000000,       2.20000,
  -00.000109800000,       2.00000,
  -00.000109600000,       2.00000,
  -00.000109400000,       2.00000,
  -00.000109200000,       2.00000,
  -00.000109000000,       2.00000,
  -00.000108800000,       1.60000,
  -00.000108600000,       1.80000,
  -00.000108400000,       1.80000,
  -00.000108200000,       1.60000,
  -00.000108000000,       1.60000,
  -00.000107800000,       1.60000,
  -00.000107600000,       1.60000,
  -00.000107400000,       1.60000,
  -00.000107200000,       1.60000,
  -00.000107000000,       1.40000,
  -00.000106800000,       1.40000,
  -00.000106600000,       1.20000,
  -00.000106400000,       1.20000,
  -00.000106200000,       1.00000,
  -00.000106000000,       1.20000,
  -00.000105800000,       0.80000,
  -00.000105600000,       0.80000,
  -00.000105400000,       0.80000,
  -00.000105200000,       0.80000,
  -00.000105000000,       0.60000,
  -00.000104800000,       0.60000,
  -00.000104600000,       0.60000,
  -00.000104400000,       0.60000,
  -00.000104200000,       0.40000,
  -00.000104000000,       0.40000,
  -00.000103800000,       0.40000,
  -00.000103600000,       0.20000,
  -00.000103400000,       0.00000,
  -00.000103200000,       0.20000,
  -00.000103000000,       0.00000,
  -00.000102800000,      -0.20000,
  -00.000102600000,       0.00000,
  -00.000102400000,      -0.20000,
  -00.000102200000,      -0.40000,
  -00.000102000000,      -0.40000,
  -00.000101800000,      -0.20000,
  -00.000101600000,      -0.20000,
  -00.000101400000,      -0.40000,
  -00.000101200000,      -0.60000,
  -00.000101000000,      -0.40000,
  -00.000100800000,      -0.60000,
  -00.000100600000,      -0.60000,
  -00.000100400000,      -0.80000,
  -00.000100200000,      -0.60000,
  -00.000100000000,      -0.80000,
  -00.000099800000,      -1.00000,
  -00.000099600000,      -1.00000,
  -00.000099400000,      -1.00000,
  -00.000099200000,      -1.20000,
  -00.000099000000,      -1.20000,
  -00.000098800000,      -1.40000,
  -00.000098600000,      -1.40000,
  -00.000098400000,      -1.20000,
  -00.000098200000,      -1.40000,
  -00.000098000000,      -1.40000,
  -00.000097800000,      -1.60000,
  -00.000097600000,      -1.60000,
  -00.000097400000,      -1.60000,
  -00.000097200000,      -1.80000,
  -00.000097000000,      -1.80000,
  -00.000096800000,      -1.80000,
  -00.000096600000,      -1.80000,
  -00.000096400000,      -2.00000,
  -00.000096200000,      -2.00000,
  -00.000096000000,      -2.20000,
  -00.000095800000,      -2.20000,
  -00.000095600000,      -2.20000,
  -00.000095400000,      -2.20000,
  -00.000095200000,      -2.40000,
  -00.000095000000,      -2.40000,
  -00.000094800000,      -2.40000,
  -00.000094600000,      -2.60000,
  -00.000094400000,      -2.60000,
  -00.000094200000,      -2.60000,
  -00.000094000000,      -2.80000,
  -00.000093800000,      -2.60000,
  -00.000093600000,      -2.60000,
  -00.000093400000,      -2.80000,
  -00.000093200000,      -2.80000,
  -00.000093000000,      -3.00000,
  -00.000092800000,      -3.20000,
  -00.000092600000,      -3.20000,
  -00.000092400000,      -3.00000,
  -00.000092200000,      -3.60000,
  -00.000092000000,      -3.40000,
  -00.000091800000,      -3.60000,
  -00.000091600000,      -3.40000,
  -00.000091400000,      -3.40000,
  -00.000091200000,      -3.60000,
  -00.000091000000,      -3.60000,
  -00.000090800000,      -3.80000,
  -00.000090600000,      -3.80000,
  -00.000090400000,      -3.80000,
  -00.000090200000,      -3.80000,
  -00.000090000000,      -3.80000,
  -00.000089800000,      -4.20000,
  -00.000089600000,      -4.00000,
  -00.000089400000,      -4.00000,
  -00.000089200000,      -4.20000,
  -00.000089000000,      -4.20000,
  -00.000088800000,      -4.20000,
  -00.000088600000,      -4.20000,
  -00.000088400000,      -4.20000,
  -00.000088200000,      -4.40000,
  -00.000088000000,      -4.60000,
  -00.000087800000,      -4.60000,
  -00.000087600000,      -4.60000,
  -00.000087400000,      -4.60000,
  -00.000087200000,      -4.40000,
  -00.000087000000,      -4.80000,
  -00.000086800000,      -4.60000,
  -00.000086600000,      -4.80000,
  -00.000086400000,      -5.00000,
  -00.000086200000,      -5.00000,
  -00.000086000000,      -5.20000,
  -00.000085800000,      -5.00000,
  -00.000085600000,      -5.20000,
  -00.000085400000,      -5.00000,
  -00.000085200000,      -5.00000,
  -00.000085000000,      -5.20000,
  -00.000084800000,      -5.20000,
  -00.000084600000,      -5.40000,
  -00.000084400000,      -5.60000,
  -00.000084200000,      -5.40000,
  -00.000084000000,      -5.40000,
  -00.000083800000,      -5.80000,
  -00.000083600000,      -5.80000,
  -00.000083400000,      -5.60000,
  -00.000083200000,      -5.80000,
  -00.000083000000,      -5.80000,
  -00.000082800000,      -6.00000,
  -00.000082600000,      -5.80000,
  -00.000082400000,      -6.00000,
  -00.000082200000,      -6.00000,
  -00.000082000000,      -6.00000,
  -00.000081800000,      -6.20000,
  -00.000081600000,      -6.20000,
  -00.000081400000,      -6.20000,
  -00.000081200000,      -6.40000,
  -00.000081000000,      -6.20000,
  -00.000080800000,      -6.40000,
  -00.000080600000,      -6.60000,
  -00.000080400000,      -6.60000,
  -00.000080200000,      -6.40000,
  -00.000080000000,      -6.60000,
  -00.000079800000,      -6.60000,
  -00.000079600000,      -6.60000,
  -00.000079400000,      -6.60000,
  -00.000079200000,      -6.60000,
  -00.000079000000,      -7.00000,
  -00.000078800000,      -6.80000,
  -00.000078600000,      -6.80000,
  -00.000078400000,      -6.80000,
  -00.000078200000,      -7.20000,
  -00.000078000000,      -7.00000,
  -00.000077800000,      -7.20000,
  -00.000077600000,      -7.20000,
  -00.000077400000,      -7.20000,
  -00.000077200000,      -7.20000,
  -00.000077000000,      -7.20000,
  -00.000076800000,      -7.40000,
  -00.000076600000,      -7.40000,
  -00.000076400000,      -7.40000,
  -00.000076200000,      -7.40000,
  -00.000076000000,      -7.20000,
  -00.000075800000,      -7.60000,
  -00.000075600000,      -7.40000,
  -00.000075400000,      -7.40000,
  -00.000075200000,      -7.60000,
  -00.000075000000,      -7.60000,
  -00.000074800000,      -7.80000,
  -00.000074600000,      -7.80000,
  -00.000074400000,      -7.60000,
  -00.000074200000,      -7.60000,
  -00.000074000000,      -7.80000,
  -00.000073800000,      -7.80000,
  -00.000073600000,      -7.80000,
  -00.000073400000,      -8.00000,
  -00.000073200000,      -8.20000,
  -00.000073000000,      -8.20000,
  -00.000072800000,      -8.00000,
  -00.000072600000,      -8.20000,
  -00.000072400000,      -8.20000,
  -00.000072200000,      -8.20000,
  -00.000072000000,      -8.20000,
  -00.000071800000,      -8.20000,
  -00.000071600000,      -8.20000,
  -00.000071400000,      -8.40000,
  -00.000071200000,      -8.40000,
  -00.000071000000,      -8.40000,
  -00.000070800000,      -8.60000,
  -00.000070600000,      -8.20000,
  -00.000070400000,      -8.60000,
  -00.000070200000,      -8.40000,
  -00.000070000000,      -8.60000,
  -00.000069800000,      -8.40000,
  -00.000069600000,      -8.40000,
  -00.000069400000,      -8.60000,
  -00.000069200000,      -8.60000,
  -00.000069000000,      -8.60000,
  -00.000068800000,      -8.80000,
  -00.000068600000,      -8.60000,
  -00.000068400000,      -8.80000,
  -00.000068200000,      -9.00000,
  -00.000068000000,      -8.80000,
  -00.000067800000,      -9.00000,
  -00.000067600000,      -8.80000,
  -00.000067400000,      -8.80000,
  -00.000067200000,      -9.00000,
  -00.000067000000,      -9.00000,
  -00.000066800000,      -9.20000,
  -00.000066600000,      -9.00000,
  -00.000066400000,      -9.00000,
  -00.000066200000,      -9.40000,
  -00.000066000000,      -9.00000,
  -00.000065800000,      -9.20000,
  -00.000065600000,      -9.20000,
  -00.000065400000,      -9.20000,
  -00.000065200000,      -9.40000,
  -00.000065000000,      -9.00000,
  -00.000064800000,      -9.20000,
  -00.000064600000,      -9.40000,
  -00.000064400000,      -9.00000,
  -00.000064200000,      -9.20000,
  -00.000064000000,      -9.20000,
  -00.000063800000,      -9.40000,
  -00.000063600000,      -9.40000,
  -00.000063400000,      -9.60000,
  -00.000063200000,      -9.40000,
  -00.000063000000,      -9.60000,
  -00.000062800000,      -9.40000,
  -00.000062600000,      -9.60000,
  -00.000062400000,      -9.60000,
  -00.000062200000,      -9.60000,
  -00.000062000000,      -9.60000,
  -00.000061800000,      -9.60000,
  -00.000061600000,      -9.60000,
  -00.000061400000,      -9.60000,
  -00.000061200000,      -9.80000,
  -00.000061000000,      -9.80000,
  -00.000060800000,      -9.80000,
  -00.000060600000,      -9.80000,
  -00.000060400000,      -9.80000,
  -00.000060200000,      -9.80000,
  -00.000060000000,     -10.00000,
  -00.000059800000,      -9.80000,
  -00.000059600000,      -9.80000,
  -00.000059400000,      -9.80000,
  -00.000059200000,      -9.80000,
  -00.000059000000,      -9.80000,
  -00.000058800000,      -9.80000,
  -00.000058600000,      -9.80000,
  -00.000058400000,      -9.80000,
  -00.000058200000,      -9.80000,
  -00.000058000000,     -10.00000,
  -00.000057800000,     -10.00000,
  -00.000057600000,     -10.00000,
  -00.000057400000,      -9.80000,
  -00.000057200000,      -9.80000,
  -00.000057000000,      -9.80000,
  -00.000056800000,     -10.00000,
  -00.000056600000,     -10.00000,
  -00.000056400000,     -10.00000,
  -00.000056200000,     -10.00000,
  -00.000056000000,     -10.00000,
  -00.000055800000,     -10.00000,
  -00.000055600000,     -10.00000,
  -00.000055400000,     -10.00000,
  -00.000055200000,      -9.80000,
  -00.000055000000,     -10.00000,
  -00.000054800000,     -10.00000,
  -00.000054600000,     -10.00000,
  -00.000054400000,     -10.20000,
  -00.000054200000,     -10.20000,
  -00.000054000000,     -10.00000,
  -00.000053800000,     -10.00000,
  -00.000053600000,     -10.00000,
  -00.000053400000,     -10.00000,
  -00.000053200000,      -9.80000,
  -00.000053000000,     -10.00000,
  -00.000052800000,     -10.00000,
  -00.000052600000,      -9.80000,
  -00.000052400000,     -10.00000,
  -00.000052200000,     -10.20000,
  -00.000052000000,     -10.00000,
  -00.000051800000,     -10.20000,
  -00.000051600000,     -10.00000,
  -00.000051400000,     -10.20000,
  -00.000051200000,     -10.00000,
  -00.000051000000,     -10.00000,
  -00.000050800000,     -10.00000,
  -00.000050600000,     -10.00000,
  -00.000050400000,      -9.80000,
  -00.000050200000,     -10.00000,
  -00.000050000000,     -10.20000,
  -00.000049800000,      -9.80000,
  -00.000049600000,     -10.20000,
  -00.000049400000,     -10.00000,
  -00.000049200000,     -10.20000,
  -00.000049000000,     -10.00000,
  -00.000048800000,     -10.00000,
  -00.000048600000,     -10.00000,
  -00.000048400000,      -9.80000,
  -00.000048200000,      -9.80000,
  -00.000048000000,      -9.80000,
  -00.000047800000,     -10.00000,
  -00.000047600000,      -9.80000,
  -00.000047400000,      -9.80000,
  -00.000047200000,     -10.00000,
  -00.000047000000,      -9.80000,
  -00.000046800000,      -9.60000,
  -00.000046600000,      -9.80000,
  -00.000046400000,      -9.80000,
  -00.000046200000,      -9.80000,
  -00.000046000000,      -9.80000,
  -00.000045800000,      -9.80000,
  -00.000045600000,      -9.60000,
  -00.000045400000,      -9.80000,
  -00.000045200000,      -9.80000,
  -00.000045000000,      -9.60000,
  -00.000044800000,      -9.80000,
  -00.000044600000,      -9.60000,
  -00.000044400000,      -9.40000,
  -00.000044200000,      -9.80000,
  -00.000044000000,      -9.80000,
  -00.000043800000,      -9.60000,
  -00.000043600000,      -9.60000,
  -00.000043400000,      -9.60000,
  -00.000043200000,      -9.40000,
  -00.000043000000,      -9.40000,
  -00.000042800000,      -9.60000,
  -00.000042600000,      -9.40000,
  -00.000042400000,      -9.40000,
  -00.000042200000,      -9.40000,
  -00.000042000000,      -9.40000,
  -00.000041800000,      -9.60000,
  -00.000041600000,      -9.20000,
  -00.000041400000,      -9.40000,
  -00.000041200000,      -9.40000,
  -00.000041000000,      -9.40000,
  -00.000040800000,      -9.40000,
  -00.000040600000,      -9.40000,
  -00.000040400000,      -9.40000,
  -00.000040200000,      -9.20000,
  -00.000040000000,      -9.20000,
  -00.000039800000,      -9.20000,
  -00.000039600000,      -9.20000,
  -00.000039400000,      -9.20000,
  -00.000039200000,      -9.00000,
  -00.000039000000,      -9.00000,
  -00.000038800000,      -9.00000,
  -00.000038600000,      -9.00000,
  -00.000038400000,      -9.00000,
  -00.000038200000,      -9.00000,
  -00.000038000000,      -9.00000,
  -00.000037800000,      -9.00000,
  -00.000037600000,      -9.00000,
  -00.000037400000,      -9.00000,
  -00.000037200000,      -8.80000,
  -00.000037000000,      -8.80000,
  -00.000036800000,      -8.80000,
  -00.000036600000,      -8.80000,
  -00.000036400000,      -8.80000,
  -00.000036200000,      -8.60000,
  -00.000036000000,      -8.40000,
  -00.000035800000,      -8.60000,
  -00.000035600000,      -8.60000,
  -00.000035400000,      -8.40000,
  -00.000035200000,      -8.40000,
  -00.000035000000,      -8.40000,
  -00.000034800000,      -8.60000,
  -00.000034600000,      -8.40000,
  -00.000034400000,      -8.40000,
  -00.000034200000,      -8.20000,
  -00.000034000000,      -8.40000,
  -00.000033800000,      -8.40000,
  -00.000033600000,      -8.40000,
  -00.000033400000,      -8.40000,
  -00.000033200000,      -8.20000,
  -00.000033000000,      -8.00000,
  -00.000032800000,      -8.40000,
  -00.000032600000,      -8.00000,
  -00.000032400000,      -8.00000,
  -00.000032200000,      -8.00000,
  -00.000032000000,      -8.00000,
  -00.000031800000,      -8.00000,
  -00.000031600000,      -8.00000,
  -00.000031400000,      -7.80000,
  -00.000031200000,      -7.80000,
  -00.000031000000,      -7.80000,
  -00.000030800000,      -7.80000,
  -00.000030600000,      -7.40000,
  -00.000030400000,      -7.60000,
  -00.000030200000,      -7.60000,
  -00.000030000000,      -7.40000,
  -00.000029800000,      -7.40000,
  -00.000029600000,      -7.40000,
  -00.000029400000,      -7.40000,
  -00.000029200000,      -7.20000,
  -00.000029000000,      -7.40000,
  -00.000028800000,      -7.40000,
  -00.000028600000,      -7.20000,
  -00.000028400000,      -7.40000,
  -00.000028200000,      -7.40000,
  -00.000028000000,      -7.00000,
  -00.000027800000,      -7.20000,
  -00.000027600000,      -7.20000,
  -00.000027400000,      -7.00000,
  -00.000027200000,      -7.00000,
  -00.000027000000,      -6.80000,
  -00.000026800000,      -6.80000,
  -00.000026600000,      -7.20000,
  -00.000026400000,      -6.80000,
  -00.000026200000,      -6.80000,
  -00.000026000000,      -6.80000,
  -00.000025800000,      -6.60000,
  -00.000025600000,      -6.40000,
  -00.000025400000,      -6.60000,
  -00.000025200000,      -6.60000,
  -00.000025000000,      -6.60000,
  -00.000024800000,      -6.40000,
  -00.000024600000,      -6.40000,
  -00.000024400000,      -6.40000,
  -00.000024200000,      -6.20000,
  -00.000024000000,      -6.20000,
  -00.000023800000,      -6.20000,
  -00.000023600000,      -6.20000,
  -00.000023400000,      -6.00000,
  -00.000023200000,      -6.20000,
  -00.000023000000,      -6.20000,
  -00.000022800000,      -6.00000,
  -00.000022600000,      -5.80000,
  -00.000022400000,      -5.60000,
  -00.000022200000,      -5.80000,
  -00.000022000000,      -5.80000,
  -00.000021800000,      -5.80000,
  -00.000021600000,      -5.60000,
  -00.000021400000,      -5.40000,
  -00.000021200000,      -5.80000,
  -00.000021000000,      -5.40000,
  -00.000020800000,      -5.40000,
  -00.000020600000,      -5.40000,
  -00.000020400000,      -5.20000,
  -00.000020200000,      -5.20000,
  -00.000020000000,      -5.20000,
  -00.000019800000,      -5.00000,
  -00.000019600000,      -5.00000,
  -00.000019400000,      -5.00000,
  -00.000019200000,      -5.20000,
  -00.000019000000,      -4.80000,
  -00.000018800000,      -4.80000,
  -00.000018600000,      -4.80000,
  -00.000018400000,      -5.00000,
  -00.000018200000,      -4.80000,
  -00.000018000000,      -4.60000,
  -00.000017800000,      -4.40000,
  -00.000017600000,      -4.80000,
  -00.000017400000,      -4.40000,
  -00.000017200000,      -4.60000,
  -00.000017000000,      -4.40000,
  -00.000016800000,      -4.40000,
  -00.000016600000,      -4.40000,
  -00.000016400000,      -4.20000,
  -00.000016200000,      -4.20000,
  -00.000016000000,      -4.20000,
  -00.000015800000,      -4.20000,
  -00.000015600000,      -3.80000,
  -00.000015400000,      -4.20000,
  -00.000015200000,      -4.00000,
  -00.000015000000,      -3.80000,
  -00.000014800000,      -3.60000,
  -00.000014600000,      -3.80000,
  -00.000014400000,      -3.60000,
  -00.000014200000,      -3.60000,
  -00.000014000000,      -3.60000,
  -00.000013800000,      -3.40000,
  -00.000013600000,      -3.60000,
  -00.000013400000,      -3.20000,
  -00.000013200000,      -3.20000,
  -00.000013000000,      -3.40000,
  -00.000012800000,      -3.20000,
  -00.000012600000,      -3.20000,
  -00.000012400000,      -3.00000,
  -00.000012200000,      -3.00000,
  -00.000012000000,      -3.00000,
  -00.000011800000,      -3.00000,
  -00.000011600000,      -2.80000,
  -00.000011400000,      -2.80000,
  -00.000011200000,      -2.60000,
  -00.000011000000,      -2.80000,
  -00.000010800000,      -2.60000,
  -00.000010600000,      -2.40000,
  -00.000010400000,      -2.40000,
  -00.000010200000,      -2.40000,
  -00.000010000000,      -2.20000,
  -00.000009800000,      -2.20000,
  -00.000009600000,      -2.20000,
  -00.000009400000,      -2.20000,
  -00.000009200000,      -2.20000,
  -00.000009000000,      -2.20000,
  -00.000008800000,      -2.00000,
  -00.000008600000,      -2.00000,
  -00.000008400000,      -1.80000,
  -00.000008200000,      -1.60000,
  -00.000008000000,      -1.80000,
  -00.000007800000,      -1.60000,
  -00.000007600000,      -1.60000,
  -00.000007400000,      -1.40000,
  -00.000007200000,      -1.60000,
  -00.000007000000,      -1.40000,
  -00.000006800000,      -1.20000,
  -00.000006600000,      -1.40000,
  -00.000006400000,      -1.40000,
  -00.000006200000,      -1.00000,
  -00.000006000000,      -1.20000,
  -00.000005800000,      -1.00000,
  -00.000005600000,      -1.00000,
  -00.000005400000,      -0.80000,
  -00.000005200000,      -0.80000,
  -00.000005000000,      -0.80000,
  -00.000004800000,      -0.80000,
  -00.000004600000,      -0.60000,
  -00.000004400000,      -0.40000,
  -00.000004200000,      -0.60000,
  -00.000004000000,      -0.60000,
  -00.000003800000,      -0.60000,
  -00.000003600000,      -0.40000,
  -00.000003400000,      -0.20000,
  -00.000003200000,      -0.20000,
  -00.000003000000,       0.00000,
  -00.000002800000,       0.00000,
  -00.000002600000,       0.20000,
  -00.000002400000,       0.00000,
  -00.000002200000,       0.20000,
  -00.000002000000,       0.40000,
  -00.000001800000,       0.20000,
  -00.000001600000,       0.20000,
  -00.000001400000,       0.20000,
  -00.000001200000,       0.40000,
  -00.000001000000,       0.40000,
  -00.000000800000,       0.40000,
  -00.000000600000,       0.60000,
  -00.000000400000,       0.60000,
  -00.000000200000,       0.80000,
  -00.000000000000,       0.80000,
   00.000000200000,       0.80000,
   00.000000400000,       1.00000,
   00.000000600000,       1.20000,
   00.000000800000,       1.20000,
   00.000001000000,       1.20000,
   00.000001200000,       1.40000,
   00.000001400000,       1.20000,
   00.000001600000,       1.40000,
   00.000001800000,       1.40000,
   00.000002000000,       1.40000,
   00.000002200000,       1.40000,
   00.000002400000,       1.60000,
   00.000002600000,       1.60000,
   00.000002800000,       1.80000,
   00.000003000000,       1.60000,
   00.000003200000,       1.80000,
   00.000003400000,       1.80000,
   00.000003600000,       1.80000,
   00.000003800000,       2.00000,
   00.000004000000,       2.00000,
   00.000004200000,       2.00000,
   00.000004400000,       2.00000,
   00.000004600000,       2.20000,
   00.000004800000,       2.40000,
   00.000005000000,       2.60000,
   00.000005200000,       2.20000,
   00.000005400000,       2.60000,
   00.000005600000,       2.40000,
   00.000005800000,       2.60000,
   00.000006000000,       2.80000,
   00.000006200000,       2.80000,
   00.000006400000,       3.00000,
   00.000006600000,       3.00000,
   00.000006800000,       2.80000,
   00.000007000000,       2.80000,
   00.000007200000,       3.00000,
   00.000007400000,       3.20000,
   00.000007600000,       3.20000,
   00.000007800000,       3.20000,
   00.000008000000,       3.20000,
   00.000008200000,       3.40000,
   00.000008400000,       3.40000,
   00.000008600000,       3.40000,
   00.000008800000,       3.40000,
   00.000009000000,       3.40000,
   00.000009200000,       3.60000,
   00.000009400000,       3.40000,
   00.000009600000,       3.60000,
   00.000009800000,       3.80000,
   00.000010000000,       3.80000,
   00.000010200000,       3.80000,
   00.000010400000,       4.00000,
   00.000010600000,       4.20000,
   00.000010800000,       4.00000,
   00.000011000000,       4.20000,
   00.000011200000,       4.20000,
   00.000011400000,       4.20000,
   00.000011600000,       4.40000,
   00.000011800000,       4.40000,
   00.000012000000,       4.20000,
   00.000012200000,       4.60000,
   00.000012400000,       4.40000,
   00.000012600000,       4.60000,
   00.000012800000,       4.80000,
   00.000013000000,       4.80000,
   00.000013200000,       4.60000,
   00.000013400000,       4.80000,
   00.000013600000,       4.80000,
   00.000013800000,       4.80000,
   00.000014000000,       5.00000,
   00.000014200000,       5.20000,
   00.000014400000,       5.20000,
   00.000014600000,       5.00000,
   00.000014800000,       5.20000,
   00.000015000000,       5.20000,
   00.000015200000,       5.20000,
   00.000015400000,       5.40000,
   00.000015600000,       5.40000,
   00.000015800000,       5.40000,
   00.000016000000,       5.40000,
   00.000016200000,       5.40000,
   00.000016400000,       5.40000,
   00.000016600000,       5.60000,
   00.000016800000,       5.60000,
   00.000017000000,       6.00000,
   00.000017200000,       5.80000,
   00.000017400000,       6.00000,
   00.000017600000,       5.80000,
   00.000017800000,       6.00000,
   00.000018000000,       6.00000,
   00.000018200000,       6.00000,
   00.000018400000,       6.00000,
   00.000018600000,       6.20000,
   00.000018800000,       6.20000,
   00.000019000000,       6.20000,
   00.000019200000,       6.40000,
   00.000019400000,       6.20000,
   00.000019600000,       6.60000,
   00.000019800000,       6.40000,
   00.000020000000,       6.40000,
   00.000020200000,       6.60000,
   00.000020400000,       6.40000,
   00.000020600000,       6.80000,
   00.000020800000,       6.60000,
   00.000021000000,       6.60000,
   00.000021200000,       6.80000,
   00.000021400000,       6.80000,
   00.000021600000,       6.80000,
   00.000021800000,       7.00000,
   00.000022000000,       6.80000,
   00.000022200000,       7.00000,
   00.000022400000,       7.00000,
   00.000022600000,       7.00000,
   00.000022800000,       7.20000,
   00.000023000000,       7.40000,
   00.000023200000,       7.20000,
   00.000023400000,       7.00000,
   00.000023600000,       7.40000,
   00.000023800000,       7.20000,
   00.000024000000,       7.40000,
   00.000024200000,       7.20000,
   00.000024400000,       7.40000,
   00.000024600000,       7.60000,
   00.000024800000,       7.40000,
   00.000025000000,       7.40000,
   00.000025200000,       7.60000,
   00.000025400000,       7.80000,
   00.000025600000,       7.80000,
   00.000025800000,       7.60000,
   00.000026000000,       7.60000,
   00.000026200000,       7.80000,
   00.000026400000,       8.00000,
   00.000026600000,       7.80000,
   00.000026800000,       8.00000,
   00.000027000000,       8.00000,
   00.000027200000,       8.00000,
   00.000027400000,       8.00000,
   00.000027600000,       8.00000,
   00.000027800000,       8.20000,
   00.000028000000,       8.40000,
   00.000028200000,       8.20000,
   00.000028400000,       8.40000,
   00.000028600000,       8.20000,
   00.000028800000,       8.40000,
   00.000029000000,       8.60000,
   00.000029200000,       8.40000,
   00.000029400000,       8.40000,
   00.000029600000,       8.40000,
   00.000029800000,       8.40000,
   00.000030000000,       8.40000,
   00.000030200000,       8.40000,
   00.000030400000,       8.40000,
   00.000030600000,       8.40000,
   00.000030800000,       8.40000,
   00.000031000000,       8.60000,
   00.000031200000,       8.60000,
   00.000031400000,       9.00000,
   00.000031600000,       8.60000,
   00.000031800000,       8.80000,
   00.000032000000,       9.00000,
   00.000032200000,       8.60000,
   00.000032400000,       8.80000,
   00.000032600000,       9.00000,
   00.000032800000,       9.00000,
   00.000033000000,       9.00000,
   00.000033200000,       8.80000,
   00.000033400000,       8.80000,
   00.000033600000,       9.00000,
   00.000033800000,       9.00000,
   00.000034000000,       9.20000,
   00.000034200000,       9.00000,
   00.000034400000,       9.20000,
   00.000034600000,       9.20000,
   00.000034800000,       9.00000,
   00.000035000000,       9.20000,
   00.000035200000,       9.20000,
   00.000035400000,       9.20000,
   00.000035600000,       9.20000,
   00.000035800000,       9.20000,
   00.000036000000,       9.40000,
   00.000036200000,       9.20000,
   00.000036400000,       9.20000,
   00.000036600000,       9.60000,
   00.000036800000,       9.40000,
   00.000037000000,       9.40000,
   00.000037200000,       9.40000,
   00.000037400000,       9.40000,
   00.000037600000,       9.40000,
   00.000037800000,       9.60000,
   00.000038000000,       9.60000,
   00.000038200000,       9.40000,
   00.000038400000,       9.60000,
   00.000038600000,       9.60000,
   00.000038800000,       9.40000,
   00.000039000000,       9.80000,
   00.000039200000,       9.60000,
   00.000039400000,       9.80000,
   00.000039600000,       9.60000,
   00.000039800000,       9.60000,
   00.000040000000,       9.40000,
   00.000040200000,       9.60000,
   00.000040400000,       9.80000,
   00.000040600000,       9.40000,
   00.000040800000,       9.80000,
   00.000041000000,       9.80000,
   00.000041200000,       9.80000,
   00.000041400000,       9.60000,
   00.000041600000,       9.60000,
   00.000041800000,       9.80000,
   00.000042000000,      10.00000,
   00.000042200000,       9.80000,
   00.000042400000,       9.60000,
   00.000042600000,       9.80000,
   00.000042800000,      10.00000,
   00.000043000000,       9.60000,
   00.000043200000,       9.80000,
   00.000043400000,       9.80000,
   00.000043600000,       9.80000,
   00.000043800000,       9.80000,
   00.000044000000,       9.80000,
   00.000044200000,       9.80000,
   00.000044400000,      10.00000,
   00.000044600000,      10.00000,
   00.000044800000,       9.80000,
   00.000045000000,       9.80000,
   00.000045200000,       9.80000,
   00.000045400000,       9.80000,
   00.000045600000,       9.80000,
   00.000045800000,       9.80000,
   00.000046000000,      10.00000,
   00.000046200000,      10.00000,
   00.000046400000,       9.80000,
   00.000046600000,      10.00000,
   00.000046800000,      10.20000,
   00.000047000000,      10.00000,
   00.000047200000,       9.80000,
   00.000047400000,       9.80000,
   00.000047600000,      10.00000,
   00.000047800000,      10.00000,
   00.000048000000,      10.00000,
   00.000048200000,       9.80000,
   00.000048400000,       9.80000,
   00.000048600000,      10.00000,
   00.000048800000,       9.80000,
   00.000049000000,       9.80000,
   00.000049200000,      10.00000,
   00.000049400000,       9.80000,
   00.000049600000,       9.80000,
   00.000049800000,       9.80000,
   00.000050000000,       9.80000,
   00.000050200000,      10.00000,
   00.000050400000,       9.80000,
   00.000050600000,       9.80000,
   00.000050800000,       9.80000,
   00.000051000000,      10.00000,
   00.000051200000,       9.80000,
   00.000051400000,       9.80000,
   00.000051600000,      10.00000,
   00.000051800000,       9.80000,
   00.000052000000,       9.80000,
   00.000052200000,       9.80000,
   00.000052400000,       9.80000,
   00.000052600000,       9.80000,
   00.000052800000,       9.80000,
   00.000053000000,       9.60000,
   00.000053200000,       9.60000,
   00.000053400000,       9.60000,
   00.000053600000,       9.60000,
   00.000053800000,       9.80000,
   00.000054000000,       9.80000,
   00.000054200000,       9.60000,
   00.000054400000,       9.60000,
   00.000054600000,       9.60000,
   00.000054800000,       9.60000,
   00.000055000000,       9.60000,
   00.000055200000,       9.80000,
   00.000055400000,       9.60000,
   00.000055600000,       9.60000,
   00.000055800000,       9.60000,
   00.000056000000,       9.60000,
   00.000056200000,       9.40000,
   00.000056400000,       9.60000,
   00.000056600000,       9.40000,
   00.000056800000,       9.40000,
   00.000057000000,       9.20000,
   00.000057200000,       9.40000,
   00.000057400000,       9.60000,
   00.000057600000,       9.40000,
   00.000057800000,       9.40000,
   00.000058000000,       9.20000,
   00.000058200000,       9.60000,
   00.000058400000,       9.20000,
   00.000058600000,       9.20000,
   00.000058800000,       9.20000,
   00.000059000000,       9.20000,
   00.000059200000,       9.20000,
   00.000059400000,       9.20000,
   00.000059600000,       9.00000,
   00.000059800000,       9.20000,
   00.000060000000,       9.20000,
   00.000060200000,       9.00000,
   00.000060400000,       9.20000,
   00.000060600000,       9.20000,
   00.000060800000,       9.00000,
   00.000061000000,       9.00000,
   00.000061200000,       9.00000,
   00.000061400000,       9.00000,
   00.000061600000,       9.00000,
   00.000061800000,       9.00000,
   00.000062000000,       9.00000,
   00.000062200000,       9.00000,
   00.000062400000,       8.80000,
   00.000062600000,       8.80000,
   00.000062800000,       8.60000,
   00.000063000000,       8.60000,
   00.000063200000,       8.80000,
   00.000063400000,       8.80000,
   00.000063600000,       8.80000,
   00.000063800000,       8.40000,
   00.000064000000,       8.40000,
   00.000064200000,       8.60000,
   00.000064400000,       8.60000,
   00.000064600000,       8.40000,
   00.000064800000,       8.40000,
   00.000065000000,       8.40000,
   00.000065200000,       8.60000,
   00.000065400000,       8.40000,
   00.000065600000,       8.40000,
   00.000065800000,       8.40000,
   00.000066000000,       8.20000,
   00.000066200000,       8.20000,
   00.000066400000,       8.20000,
   00.000066600000,       8.00000,
   00.000066800000,       8.20000,
   00.000067000000,       8.20000,
   00.000067200000,       8.00000,
   00.000067400000,       8.00000,
   00.000067600000,       8.00000,
   00.000067800000,       7.80000,
   00.000068000000,       8.00000,
   00.000068200000,       7.80000,
   00.000068400000,       7.60000,
   00.000068600000,       7.80000,
   00.000068800000,       7.60000,
   00.000069000000,       7.60000,
   00.000069200000,       7.80000,
   00.000069400000,       7.60000,
   00.000069600000,       7.60000,
   00.000069800000,       7.60000,
   00.000070000000,       7.60000,
   00.000070200000,       7.40000,
   00.000070400000,       7.60000,
   00.000070600000,       7.40000,
   00.000070800000,       7.40000,
   00.000071000000,       7.40000,
   00.000071200000,       7.40000,
   00.000071400000,       7.40000,
   00.000071600000,       7.20000,
   00.000071800000,       7.20000,
   00.000072000000,       7.00000,
   00.000072200000,       7.20000,
   00.000072400000,       7.00000,
   00.000072600000,       7.00000,
   00.000072800000,       6.80000,
   00.000073000000,       6.80000,
   00.000073200000,       6.80000,
   00.000073400000,       6.80000,
   00.000073600000,       6.60000,
   00.000073800000,       6.60000,
   00.000074000000,       6.60000,
   00.000074200000,       6.80000,
   00.000074400000,       6.40000,
   00.000074600000,       6.40000,
   00.000074800000,       6.40000,
   00.000075000000,       6.60000,
   00.000075200000,       6.40000,
   00.000075400000,       6.20000,
   00.000075600000,       6.20000,
   00.000075800000,       6.20000,
   00.000076000000,       6.00000,
   00.000076200000,       6.00000,
   00.000076400000,       6.00000,
   00.000076600000,       6.00000,
   00.000076800000,       6.00000,
   00.000077000000,       6.00000,
   00.000077200000,       5.80000,
   00.000077400000,       5.80000,
   00.000077600000,       5.60000,
   00.000077800000,       5.60000,
   00.000078000000,       5.80000,
   00.000078200000,       5.60000,
   00.000078400000,       5.60000,
   00.000078600000,       5.60000,
   00.000078800000,       5.40000,
   00.000079000000,       5.40000,
   00.000079200000,       5.40000,
   00.000079400000,       5.00000,
   00.000079600000,       5.20000,
   00.000079800000,       5.00000,
   00.000080000000,       5.20000,
   00.000080200000,       5.00000,
   00.000080400000,       5.00000,
   00.000080600000,       5.00000,
   00.000080800000,       5.00000,
   00.000081000000,       4.80000,
   00.000081200000,       4.80000,
   00.000081400000,       4.80000,
   00.000081600000,       4.60000,
   00.000081800000,       4.60000,
   00.000082000000,       4.40000,
   00.000082200000,       4.60000,
   00.000082400000,       4.40000,
   00.000082600000,       4.20000,
   00.000082800000,       4.40000,
   00.000083000000,       4.20000,
   00.000083200000,       4.40000,
   00.000083400000,       4.20000,
   00.000083600000,       4.20000,
   00.000083800000,       4.20000,
   00.000084000000,       4.00000,
   00.000084200000,       3.80000,
   00.000084400000,       3.80000,
   00.000084600000,       3.80000,
   00.000084800000,       3.60000,
   00.000085000000,       3.80000,
   00.000085200000,       4.00000,
   00.000085400000,       3.40000,
   00.000085600000,       3.80000,
   00.000085800000,       3.40000,
   00.000086000000,       3.60000,
   00.000086200000,       3.40000,
   00.000086400000,       3.40000,
   00.000086600000,       3.40000,
   00.000086800000,       3.20000,
   00.000087000000,       3.40000,
   00.000087200000,       3.20000,
   00.000087400000,       3.00000,
   00.000087600000,       3.00000,
   00.000087800000,       3.00000,
   00.000088000000,       2.80000,
   00.000088200000,       2.60000,
   00.000088400000,       2.80000,
   00.000088600000,       2.40000,
   00.000088800000,       2.80000,
   00.000089000000,       2.60000,
   00.000089200000,       2.40000,
   00.000089400000,       2.40000,
   00.000089600000,       2.40000,
   00.000089800000,       2.40000,
   00.000090000000,       2.20000,
   00.000090200000,       2.40000,
   00.000090400000,       2.20000,
   00.000090600000,       2.00000,
   00.000090800000,       2.20000,
   00.000091000000,       2.00000,
   00.000091200000,       2.00000,
   00.000091400000,       2.00000,
   00.000091600000,       1.80000,
   00.000091800000,       1.60000,
   00.000092000000,       1.60000,
   00.000092200000,       1.40000,
   00.000092400000,       1.60000,
   00.000092600000,       1.20000,
   00.000092800000,       1.40000,
   00.000093000000,       1.40000,
   00.000093200000,       1.40000,
   00.000093400000,       1.20000,
   00.000093600000,       1.40000,
   00.000093800000,       1.20000,
   00.000094000000,       1.00000,
   00.000094200000,       1.20000,
   00.000094400000,       0.80000,
   00.000094600000,       0.80000,
   00.000094800000,       0.60000,
   00.000095000000,       0.60000,
   00.000095200000,       0.60000,
   00.000095400000,       0.60000,
   00.000095600000,       0.40000,
   00.000095800000,       0.40000,
   00.000096000000,       0.40000,
   00.000096200000,       0.20000,
   00.000096400000,       0.40000,
   00.000096600000,       0.00000,
   00.000096800000,       0.20000,
   00.000097000000,       0.20000,
   00.000097200000,       0.00000,
   00.000097400000,       0.00000,
   00.000097600000,      -0.20000,
   00.000097800000,       0.00000,
   00.000098000000,      -0.20000,
   00.000098200000,      -0.20000,
   00.000098400000,      -0.40000,
   00.000098600000,      -0.40000,
   00.000098800000,      -0.60000,
   00.000099000000,      -0.60000,
   00.000099200000,      -0.80000,
   00.000099400000,      -0.80000,
   00.000099600000,      -0.80000,
   00.000099800000,      -0.80000,
   00.000100000000,      -0.80000,
   00.000100200000,      -1.00000,
   00.000100400000,      -1.20000,
   00.000100600000,      -1.00000,
   00.000100800000,      -1.20000,
   00.000101000000,      -1.00000,
   00.000101200000,      -1.40000,
   00.000101400000,      -1.20000,
   00.000101600000,      -1.20000,
   00.000101800000,      -1.40000,
   00.000102000000,      -1.40000,
   00.000102200000,      -1.40000,
   00.000102400000,      -1.60000,
   00.000102600000,      -1.60000,
   00.000102800000,      -1.80000,
   00.000103000000,      -1.80000,
   00.000103200000,      -2.00000,
   00.000103400000,      -2.00000,
   00.000103600000,      -2.00000,
   00.000103800000,      -2.00000,
   00.000104000000,      -2.20000,
   00.000104200000,      -2.20000,
   00.000104400000,      -2.40000,
   00.000104600000,      -2.40000,
   00.000104800000,      -2.40000,
   00.000105000000,      -2.40000,
   00.000105200000,      -2.20000,
   00.000105400000,      -2.60000,
   00.000105600000,      -2.60000,
   00.000105800000,      -2.60000,
   00.000106000000,      -2.60000,
   00.000106200000,      -2.80000,
   00.000106400000,      -2.80000,
   00.000106600000,      -3.00000,
   00.000106800000,      -2.80000,
   00.000107000000,      -3.00000,
   00.000107200000,      -3.00000,
   00.000107400000,      -3.40000,
   00.000107600000,      -3.00000,
   00.000107800000,      -3.40000,
   00.000108000000,      -3.40000,
   00.000108200000,      -3.20000,
   00.000108400000,      -3.60000,
   00.000108600000,      -3.40000,
   00.000108800000,      -3.40000,
   00.000109000000,      -3.80000,
   00.000109200000,      -3.60000,
   00.000109400000,      -3.80000,
   00.000109600000,      -3.80000,
   00.000109800000,      -3.80000,
   00.000110000000,      -3.80000,
   00.000110200000,      -4.00000,
   00.000110400000,      -4.00000,
   00.000110600000,      -4.00000,
   00.000110800000,      -4.00000,
   00.000111000000,      -4.20000,
   00.000111200000,      -4.20000,
   00.000111400000,      -4.40000,
   00.000111600000,      -4.20000,
   00.000111800000,      -4.40000,
   00.000112000000,      -4.40000,
   00.000112200000,      -4.40000,
   00.000112400000,      -4.60000,
   00.000112600000,      -4.80000,
   00.000112800000,      -4.60000,
   00.000113000000,      -4.80000,
   00.000113200000,      -4.80000,
   00.000113400000,      -4.80000,
   00.000113600000,      -5.20000,
   00.000113800000,      -5.20000,
   00.000114000000,      -5.20000,
   00.000114200000,      -5.20000,
   00.000114400000,      -5.20000,
   00.000114600000,      -5.40000,
   00.000114800000,      -5.40000,
   00.000115000000,      -5.40000,
   00.000115200000,      -5.40000,
   00.000115400000,      -5.40000,
   00.000115600000,      -5.40000,
   00.000115800000,      -5.40000,
   00.000116000000,      -5.40000,
   00.000116200000,      -5.40000,
   00.000116400000,      -5.80000,
   00.000116600000,      -5.60000,
   00.000116800000,      -5.80000,
   00.000117000000,      -6.00000,
   00.000117200000,      -5.80000,
   00.000117400000,      -5.80000,
   00.000117600000,      -6.00000,
   00.000117800000,      -6.00000,
   00.000118000000,      -6.20000,
   00.000118200000,      -6.20000,
   00.000118400000,      -6.20000,
   00.000118600000,      -6.20000,
   00.000118800000,      -6.20000,
   00.000119000000,      -6.20000,
   00.000119200000,      -6.40000,
   00.000119400000,      -6.40000,
   00.000119600000,      -6.40000,
   00.000119800000,      -6.40000,
   00.000120000000,      -6.80000,
   00.000120200000,      -6.60000,
   00.000120400000,      -6.60000,
   00.000120600000,      -6.80000,
   00.000120800000,      -6.60000,
   00.000121000000,      -6.80000,
   00.000121200000,      -6.60000,
   00.000121400000,      -7.00000,
   00.000121600000,      -6.80000,
   00.000121800000,      -7.00000,
   00.000122000000,      -7.00000,
   00.000122200000,      -7.00000,
   00.000122400000,      -7.20000,
   00.000122600000,      -7.20000,
   00.000122800000,      -7.20000,
   00.000123000000,      -7.40000,
   00.000123200000,      -7.40000,
   00.000123400000,      -7.20000,
   00.000123600000,      -7.40000,
   00.000123800000,      -7.40000,
   00.000124000000,      -7.40000,
   00.000124200000,      -7.40000,
   00.000124400000,      -7.60000,
   00.000124600000,      -7.60000,
   00.000124800000,      -7.60000,
   00.000125000000,      -7.60000,
   00.000125200000,      -7.80000,
   00.000125400000,      -7.60000,
   00.000125600000,      -7.80000,
   00.000125800000,      -7.80000,
   00.000126000000,      -7.80000,
   00.000126200000,      -8.00000,
   00.000126400000,      -8.00000,
   00.000126600000,      -8.20000,
   00.000126800000,      -8.00000,
   00.000127000000,      -8.00000,
   00.000127200000,      -8.00000,
   00.000127400000,      -8.00000,
   00.000127600000,      -8.00000,
   00.000127800000,      -8.20000,
   00.000128000000,      -8.20000,
   00.000128200000,      -8.20000,
   00.000128400000,      -8.40000,
   00.000128600000,      -8.40000,
   00.000128800000,      -8.40000,
   00.000129000000,      -8.20000,
   00.000129200000,      -8.60000,
   00.000129400000,      -8.40000,
   00.000129600000,      -8.40000,
   00.000129800000,      -8.40000,
   00.000130000000,      -8.60000,
   00.000130200000,      -8.60000,
   00.000130400000,      -8.60000,
   00.000130600000,      -8.60000,
   00.000130800000,      -8.60000,
   00.000131000000,      -8.60000,
   00.000131200000,      -8.80000,
   00.000131400000,      -8.80000,
   00.000131600000,      -8.60000,
   00.000131800000,      -9.00000,
   00.000132000000,      -8.80000,
   00.000132200000,      -8.80000,
   00.000132400000,      -8.80000,
   00.000132600000,      -9.00000,
   00.000132800000,      -8.80000,
   00.000133000000,      -9.00000,
   00.000133200000,      -9.00000,
   00.000133400000,      -9.00000,
   00.000133600000,      -8.80000,
   00.000133800000,      -9.20000,
   00.000134000000,      -9.20000,
   00.000134200000,      -9.00000,
   00.000134400000,      -9.00000,
   00.000134600000,      -9.20000,
   00.000134800000,      -9.40000,
   00.000135000000,      -9.40000,
   00.000135200000,      -9.20000,
   00.000135400000,      -9.20000,
   00.000135600000,      -9.20000,
   00.000135800000,      -9.20000,
   00.000136000000,      -9.40000,
   00.000136200000,      -9.40000,
   00.000136400000,      -9.40000,
   00.000136600000,      -9.40000,
   00.000136800000,      -9.40000,
   00.000137000000,      -9.60000,
   00.000137200000,      -9.60000,
   00.000137400000,      -9.40000,
   00.000137600000,      -9.60000,
   00.000137800000,      -9.80000,
   00.000138000000,      -9.60000,
   00.000138200000,      -9.60000,
   00.000138400000,      -9.60000,
   00.000138600000,      -9.40000,
   00.000138800000,      -9.80000,
   00.000139000000,      -9.60000,
   00.000139200000,      -9.80000,
   00.000139400000,      -9.60000,
   00.000139600000,      -9.80000,
   00.000139800000,      -9.80000,
   00.000140000000,      -9.60000,
   00.000140200000,      -9.80000,
   00.000140400000,      -9.80000,
   00.000140600000,      -9.80000,
   00.000140800000,      -9.80000,
   00.000141000000,      -9.60000,
   00.000141200000,      -9.80000,
   00.000141400000,     -10.00000,
   00.000141600000,     -10.00000,
   00.000141800000,      -9.80000,
   00.000142000000,      -9.80000,
   00.000142200000,      -9.80000,
   00.000142400000,     -10.00000,
   00.000142600000,      -9.80000,
   00.000142800000,      -9.80000,
   00.000143000000,     -10.00000,
   00.000143200000,      -9.80000,
   00.000143400000,      -9.80000,
   00.000143600000,     -10.00000,
   00.000143800000,      -9.80000,
   00.000144000000,      -9.80000,
   00.000144200000,     -10.00000,
   00.000144400000,     -10.00000,
   00.000144600000,     -10.20000,
   00.000144800000,      -9.80000,
   00.000145000000,     -10.00000,
   00.000145200000,     -10.00000,
   00.000145400000,     -10.00000,
   00.000145600000,     -10.00000,
   00.000145800000,     -10.00000,
   00.000146000000,      -9.80000,
   00.000146200000,     -10.20000,
   00.000146400000,     -10.20000,
   00.000146600000,     -10.00000,
   00.000146800000,     -10.20000,
   00.000147000000,     -10.00000,
   00.000147200000,     -10.00000,
   00.000147400000,     -10.00000,
   00.000147600000,     -10.00000,
   00.000147800000,     -10.00000,
   00.000148000000,     -10.00000,
   00.000148200000,     -10.00000,
   00.000148400000,     -10.00000,
   00.000148600000,     -10.00000,
   00.000148800000,     -10.00000,
   00.000149000000,     -10.00000,
   00.000149200000,     -10.00000,
   00.000149400000,     -10.00000,
   00.000149600000,      -9.80000,
   00.000149800000,      -9.80000,
   00.000150000000,     -10.00000,
   00.000150200000,      -9.80000,
   00.000150400000,     -10.00000,
   00.000150600000,      -9.80000,
   00.000150800000,     -10.20000,
   00.000151000000,      -9.80000,
   00.000151200000,      -9.80000,
   00.000151400000,      -9.80000,
   00.000151600000,      -9.80000,
   00.000151800000,      -9.80000,
   00.000152000000,      -9.80000,
   00.000152200000,     -10.00000,
   00.000152400000,      -9.80000,
   00.000152600000,      -9.80000,
   00.000152800000,     -10.00000,
   00.000153000000,     -10.00000,
   00.000153200000,     -10.00000,
   00.000153400000,      -9.80000,
   00.000153600000,      -9.80000,
   00.000153800000,      -9.80000,
   00.000154000000,      -9.60000,
   00.000154200000,      -9.60000,
   00.000154400000,      -9.80000,
   00.000154600000,      -9.60000,
   00.000154800000,      -9.80000,
   00.000155000000,      -9.60000,
   00.000155200000,      -9.80000,
   00.000155400000,      -9.60000,
   00.000155600000,      -9.60000,
   00.000155800000,      -9.80000,
   00.000156000000,      -9.40000,
   00.000156200000,      -9.60000,
   00.000156400000,      -9.60000,
   00.000156600000,      -9.60000,
   00.000156800000,      -9.60000,
   00.000157000000,      -9.60000,
   00.000157200000,      -9.40000,
   00.000157400000,      -9.40000,
   00.000157600000,      -9.40000,
   00.000157800000,      -9.40000,
   00.000158000000,      -9.60000,
   00.000158200000,      -9.60000,
   00.000158400000,      -9.20000,
   00.000158600000,      -9.60000,
   00.000158800000,      -9.40000,
   00.000159000000,      -9.40000,
   00.000159200000,      -9.20000,
   00.000159400000,      -9.20000,
   00.000159600000,      -9.40000,
   00.000159800000,      -9.20000,
   00.000160000000,      -9.20000,
   00.000160200000,      -9.20000,
   00.000160400000,      -9.20000,
   00.000160600000,      -9.20000,
   00.000160800000,      -9.00000,
   00.000161000000,      -9.00000,
   00.000161200000,      -9.20000,
   00.000161400000,      -9.00000,
   00.000161600000,      -9.00000,
   00.000161800000,      -9.20000,
   00.000162000000,      -9.00000,
   00.000162200000,      -8.60000,
   00.000162400000,      -9.00000,
   00.000162600000,      -8.80000,
   00.000162800000,      -8.80000,
   00.000163000000,      -8.80000,
   00.000163200000,      -8.80000,
   00.000163400000,      -8.60000,
   00.000163600000,      -8.60000,
   00.000163800000,      -8.80000,
   00.000164000000,      -8.60000,
   00.000164200000,      -8.80000,
   00.000164400000,      -8.80000,
   00.000164600000,      -8.60000,
   00.000164800000,      -8.60000,
   00.000165000000,      -8.60000,
   00.000165200000,      -8.60000,
   00.000165400000,      -8.40000,
   00.000165600000,      -8.20000,
   00.000165800000,      -8.40000,
   00.000166000000,      -8.20000,
   00.000166200000,      -8.40000,
   00.000166400000,      -8.40000,
   00.000166600000,      -8.20000,
   00.000166800000,      -8.20000,
   00.000167000000,      -8.20000,
   00.000167200000,      -8.20000,
   00.000167400000,      -8.00000,
   00.000167600000,      -8.00000,
   00.000167800000,      -8.20000,
   00.000168000000,      -7.80000,
   00.000168200000,      -8.20000,
   00.000168400000,      -8.00000,
   00.000168600000,      -8.00000,
   00.000168800000,      -7.80000,
   00.000169000000,      -7.80000,
   00.000169200000,      -7.80000,
   00.000169400000,      -7.60000,
   00.000169600000,      -7.80000,
   00.000169800000,      -7.60000,
   00.000170000000,      -7.60000,
   00.000170200000,      -7.80000,
   00.000170400000,      -7.40000,
   00.000170600000,      -7.40000,
   00.000170800000,      -7.40000,
   00.000171000000,      -7.20000,
   00.000171200000,      -7.20000,
   00.000171400000,      -7.20000,
   00.000171600000,      -7.20000,
   00.000171800000,      -7.40000,
   00.000172000000,      -7.00000,
   00.000172200000,      -7.00000,
   00.000172400000,      -7.20000,
   00.000172600000,      -7.00000,
   00.000172800000,      -7.00000,
   00.000173000000,      -7.00000,
   00.000173200000,      -6.80000,
   00.000173400000,      -6.80000,
   00.000173600000,      -7.00000,
   00.000173800000,      -6.60000,
   00.000174000000,      -6.60000,
   00.000174200000,      -6.60000,
   00.000174400000,      -6.60000,
   00.000174600000,      -6.60000,
   00.000174800000,      -6.60000,
   00.000175000000,      -6.40000,
   00.000175200000,      -6.40000,
   00.000175400000,      -6.40000,
   00.000175600000,      -6.20000,
   00.000175800000,      -6.20000,
   00.000176000000,      -6.20000,
   00.000176200000,      -6.20000,
   00.000176400000,      -6.00000,
   00.000176600000,      -6.00000,
   00.000176800000,      -6.00000,
   00.000177000000,      -5.80000,
   00.000177200000,      -5.80000,
   00.000177400000,      -6.00000,
   00.000177600000,      -6.00000,
   00.000177800000,      -5.80000,
   00.000178000000,      -5.80000,
   00.000178200000,      -5.40000,
   00.000178400000,      -5.60000,
   00.000178600000,      -5.60000,
   00.000178800000,      -5.60000,
   00.000179000000,      -5.60000,
   00.000179200000,      -5.40000,
   00.000179400000,      -5.20000,
   00.000179600000,      -5.40000,
   00.000179800000,      -5.40000,
   00.000180000000,      -5.20000,
   00.000180200000,      -5.20000,
   00.000180400000,      -5.20000,
   00.000180600000,      -5.00000,
   00.000180800000,      -4.80000,
   00.000181000000,      -4.80000,
   00.000181200000,      -4.80000,
   00.000181400000,      -4.80000,
   00.000181600000,      -4.60000,
   00.000181800000,      -4.80000,
   00.000182000000,      -4.80000,
   00.000182200000,      -4.60000,
   00.000182400000,      -4.40000,
   00.000182600000,      -4.40000,
   00.000182800000,      -4.60000,
   00.000183000000,      -4.40000,
   00.000183200000,      -4.40000,
   00.000183400000,      -4.20000,
   00.000183600000,      -4.20000,
   00.000183800000,      -4.00000,
   00.000184000000,      -4.00000,
   00.000184200000,      -4.00000,
   00.000184400000,      -3.80000,
   00.000184600000,      -4.00000,
   00.000184800000,      -4.00000,
   00.000185000000,      -4.00000,
   00.000185200000,      -3.60000,
   00.000185400000,      -3.60000,
   00.000185600000,      -3.60000,
   00.000185800000,      -3.60000,
   00.000186000000,      -3.60000,
   00.000186200000,      -3.60000,
   00.000186400000,      -3.40000,
   00.000186600000,      -3.40000,
   00.000186800000,      -3.20000,
   00.000187000000,      -3.20000,
   00.000187200000,      -3.20000,
   00.000187400000,      -3.20000,
   00.000187600000,      -3.00000,
   00.000187800000,      -3.00000,
   00.000188000000,      -3.00000,
   00.000188200000,      -3.00000,
   00.000188400000,      -2.80000,
   00.000188600000,      -2.60000,
   00.000188800000,      -2.60000,
   00.000189000000,      -2.80000,
   00.000189200000,      -2.60000,
   00.000189400000,      -2.60000,
   00.000189600000,      -2.60000,
   00.000189800000,      -2.40000,
   00.000190000000,      -2.40000,
   00.000190200000,      -2.20000,
   00.000190400000,      -2.20000,
   00.000190600000,      -2.00000,
   00.000190800000,      -2.20000,
   00.000191000000,      -2.00000,
   00.000191200000,      -1.80000,
   00.000191400000,      -1.80000,
   00.000191600000,      -1.80000,
   00.000191800000,      -1.80000,
   00.000192000000,      -1.60000,
   00.000192200000,      -1.60000,
   00.000192400000,      -1.60000,
   00.000192600000,      -1.40000,
   00.000192800000,      -1.40000,
   00.000193000000,      -1.20000,
   00.000193200000,      -1.40000,
   00.000193400000,      -1.40000,
   00.000193600000,      -1.20000,
   00.000193800000,      -1.00000,
   00.000194000000,      -1.20000,
   00.000194200000,      -1.00000,
   00.000194400000,      -1.00000,
   00.000194600000,      -0.80000,
   00.000194800000,      -1.00000,
   00.000195000000,      -0.80000,
   00.000195200000,      -0.40000,
   00.000195400000,      -0.60000,
   00.000195600000,      -0.60000,
   00.000195800000,      -0.60000,
   00.000196000000,      -0.60000,
   00.000196200000,      -0.40000,
   00.000196400000,      -0.20000,
   00.000196600000,      -0.40000,
   00.000196800000,      -0.20000,
   00.000197000000,      -0.40000,
   00.000197200000,       0.00000,
   00.000197400000,       0.20000,
   00.000197600000,       0.20000,
   00.000197800000,       0.20000,
   00.000198000000,       0.20000,
   00.000198200000,       0.20000,
   00.000198400000,       0.40000,
   00.000198600000,       0.40000,
   00.000198800000,       0.40000,
   00.000199000000,       0.40000,
   00.000199200000,       0.60000,
   00.000199400000,       0.60000,
   00.000199600000,       0.80000,
   00.000199800000,       0.60000,
   00.000200000000,       1.00000,
   00.000200200000,       0.80000,
   00.000200400000,       1.00000,
   00.000200600000,       1.00000,
   00.000200800000,       1.00000,
   00.000201000000,       1.00000,
   00.000201200000,       1.40000,
   00.000201400000,       1.00000,
   00.000201600000,       1.40000,
   00.000201800000,       1.20000,
   00.000202000000,       1.40000,
   00.000202200000,       1.40000,
   00.000202400000,       1.40000,
   00.000202600000,       1.60000,
   00.000202800000,       1.80000,
   00.000203000000,       1.60000,
   00.000203200000,       1.80000,
   00.000203400000,       2.00000,
   00.000203600000,       1.80000,
   00.000203800000,       1.80000,
   00.000204000000,       2.00000,
   00.000204200000,       2.00000,
   00.000204400000,       2.20000,
   00.000204600000,       2.00000,
   00.000204800000,       2.40000,
   00.000205000000,       2.40000,
   00.000205200000,       2.20000,
   00.000205400000,       2.60000,
   00.000205600000,       2.80000,
   00.000205800000,       2.40000,
   00.000206000000,       2.60000,
   00.000206200000,       2.80000,
   00.000206400000,       2.60000,
   00.000206600000,       2.80000,
   00.000206800000,       2.80000,
   00.000207000000,       3.00000,
   00.000207200000,       3.00000,
   00.000207400000,       3.00000,
   00.000207600000,       3.20000,
   00.000207800000,       3.20000,
   00.000208000000,       3.20000,
   00.000208200000,       3.20000,
   00.000208400000,       3.40000,
   00.000208600000,       3.40000,
   00.000208800000,       3.40000,
   00.000209000000,       3.60000,
   00.000209200000,       3.60000,
   00.000209400000,       3.80000,
   00.000209600000,       3.60000,
   00.000209800000,       3.60000,
   00.000210000000,       3.80000,
   00.000210200000,       3.80000,
   00.000210400000,       3.80000,
   00.000210600000,       4.20000,
   00.000210800000,       4.00000,
   00.000211000000,       4.00000,
   00.000211200000,       4.00000,
   00.000211400000,       4.20000,
   00.000211600000,       4.20000,
   00.000211800000,       4.40000,
   00.000212000000,       4.40000,
   00.000212200000,       4.40000,
   00.000212400000,       4.80000,
   00.000212600000,       4.60000,
   00.000212800000,       4.60000,
   00.000213000000,       4.40000,
   00.000213200000,       4.60000,
   00.000213400000,       4.80000,
   00.000213600000,       5.00000,
   00.000213800000,       4.80000,
   00.000214000000,       5.00000,
   00.000214200000,       5.20000,
   00.000214400000,       5.00000,
   00.000214600000,       5.20000,
   00.000214800000,       5.00000,
   00.000215000000,       5.20000,
   00.000215200000,       5.40000,
   00.000215400000,       5.40000,
   00.000215600000,       5.40000,
   00.000215800000,       5.60000,
   00.000216000000,       5.40000,
   00.000216200000,       5.60000,
   00.000216400000,       5.40000,
   00.000216600000,       5.60000,
   00.000216800000,       5.60000,
   00.000217000000,       5.80000,
   00.000217200000,       6.00000,
   00.000217400000,       6.00000,
   00.000217600000,       5.80000,
   00.000217800000,       6.00000,
   00.000218000000,       6.00000,
   00.000218200000,       6.00000,
   00.000218400000,       6.20000,
   00.000218600000,       6.20000,
   00.000218800000,       6.00000,
   00.000219000000,       6.20000,
   00.000219200000,       6.40000,
   00.000219400000,       6.40000,
   00.000219600000,       6.20000,
   00.000219800000,       6.60000,
   00.000220000000,       6.60000,
   00.000220200000,       6.60000,
   00.000220400000,       6.40000,
   00.000220600000,       6.60000,
   00.000220800000,       6.80000,
   00.000221000000,       6.60000,
   00.000221200000,       6.60000,
   00.000221400000,       6.80000,
   00.000221600000,       7.00000,
   00.000221800000,       6.80000,
   00.000222000000,       7.00000,
   00.000222200000,       6.80000,
   00.000222400000,       7.20000,
   00.000222600000,       7.00000,
   00.000222800000,       7.00000,
   00.000223000000,       7.00000,
   00.000223200000,       7.20000,
   00.000223400000,       7.00000,
   00.000223600000,       7.20000,
   00.000223800000,       7.40000,
   00.000224000000,       7.40000,
   00.000224200000,       7.40000,
   00.000224400000,       7.40000,
   00.000224600000,       7.60000,
   00.000224800000,       7.60000,
   00.000225000000,       7.60000,
   00.000225200000,       7.60000,
   00.000225400000,       7.60000,
   00.000225600000,       7.60000,
   00.000225800000,       7.60000,
   00.000226000000,       7.80000,
   00.000226200000,       7.80000,
   00.000226400000,       7.80000,
   00.000226600000,       7.80000,
   00.000226800000,       7.80000,
   00.000227000000,       8.20000,
   00.000227200000,       8.00000,
   00.000227400000,       8.20000,
   00.000227600000,       8.00000,
   00.000227800000,       8.20000,
   00.000228000000,       8.20000,
   00.000228200000,       8.00000,
   00.000228400000,       8.40000,
   00.000228600000,       8.20000,
   00.000228800000,       8.20000,
   00.000229000000,       8.40000,
   00.000229200000,       8.60000,
   00.000229400000,       8.40000,
   00.000229600000,       8.40000,
   00.000229800000,       8.40000,
   00.000230000000,       8.40000,
   00.000230200000,       8.60000,
   00.000230400000,       8.60000,
   00.000230600000,       8.60000,
   00.000230800000,       8.60000,
   00.000231000000,       8.80000,
   00.000231200000,       8.60000,
   00.000231400000,       8.80000,
   00.000231600000,       8.80000,
   00.000231800000,       8.60000,
   00.000232000000,       8.80000,
   00.000232200000,       8.80000,
   00.000232400000,       8.80000,
   00.000232600000,       8.80000,
   00.000232800000,       9.00000,
   00.000233000000,       8.80000,
   00.000233200000,       9.00000,
   00.000233400000,       9.00000,
   00.000233600000,       9.00000,
   00.000233800000,       9.00000,
   00.000234000000,       9.00000,
   00.000234200000,       9.00000,
   00.000234400000,       9.00000,
   00.000234600000,       9.20000,
   00.000234800000,       9.00000,
   00.000235000000,       9.20000,
   00.000235200000,       9.40000,
   00.000235400000,       9.20000,
   00.000235600000,       9.20000,
   00.000235800000,       9.40000,
   00.000236000000,       9.40000,
   00.000236200000,       9.20000,
   00.000236400000,       9.40000,
   00.000236600000,       9.40000,
   00.000236800000,       9.20000,
   00.000237000000,       9.40000,
   00.000237200000,       9.60000,
   00.000237400000,       9.60000,
   00.000237600000,       9.40000,
   00.000237800000,       9.20000,
   00.000238000000,       9.40000,
   00.000238200000,       9.60000,
   00.000238400000,       9.60000,
   00.000238600000,       9.60000,
   00.000238800000,       9.40000,
   00.000239000000,       9.60000,
   00.000239200000,       9.60000,
   00.000239400000,       9.40000,
   00.000239600000,       9.60000,
   00.000239800000,       9.60000,
   00.000240000000,       9.80000,
   00.000240200000,       9.60000,
   00.000240400000,       9.60000,
   00.000240600000,       9.80000,
   00.000240800000,       9.80000,
   00.000241000000,       9.60000,
   00.000241200000,       9.80000,
   00.000241400000,       9.60000,
   00.000241600000,       9.60000,
   00.000241800000,       9.60000,
   00.000242000000,       9.60000,
   00.000242200000,       9.80000,
   00.000242400000,       9.80000,
   00.000242600000,       9.80000,
   00.000242800000,       9.80000,
   00.000243000000,      10.00000,
   00.000243200000,       9.80000,
   00.000243400000,      10.00000,
   00.000243600000,       9.80000,
   00.000243800000,      10.00000,
   00.000244000000,      10.00000,
   00.000244200000,       9.80000,
   00.000244400000,       9.80000,
   00.000244600000,      10.00000,
   00.000244800000,      10.00000,
   00.000245000000,      10.00000,
   00.000245200000,       9.80000,
   00.000245400000,      10.00000,
   00.000245600000,       9.80000,
   00.000245800000,      10.00000,
   00.000246000000,       9.80000,
   00.000246200000,       9.80000,
   00.000246400000,      10.00000,
   00.000246600000,       9.80000,
   00.000246800000,       9.80000,
   00.000247000000,      10.00000,
   00.000247200000,      10.00000,
   00.000247400000,       9.80000,
   00.000247600000,      10.00000,
   00.000247800000,       9.80000,
   00.000248000000,      10.00000,
   00.000248200000,      10.00000,
   00.000248400000,       9.80000,
   00.000248600000,       9.80000,
   00.000248800000,       9.60000,
   00.000249000000,      10.00000,
   00.000249200000,       9.80000,
   00.000249400000,       9.80000,
   00.000249600000,       9.80000,
   00.000249800000,      10.00000,
   00.000250000000,      10.00000,
   00.000250200000,      10.00000,
   00.000250400000,      10.00000,
   00.000250600000,       9.80000,
   00.000250800000,      10.00000,
   00.000251000000,       9.80000,
   00.000251200000,       9.80000,
   00.000251400000,       9.80000,
   00.000251600000,       9.80000,
   00.000251800000,       9.80000,
   00.000252000000,       9.60000,
   00.000252200000,       9.60000,
   00.000252400000,      10.00000,
   00.000252600000,       9.60000,
   00.000252800000,      10.00000,
   00.000253000000,       9.80000,
   00.000253200000,       9.80000,
   00.000253400000,       9.80000,
   00.000253600000,       9.60000,
   00.000253800000,       9.60000,
   00.000254000000,       9.60000,
   00.000254200000,       9.60000,
   00.000254400000,       9.60000,
   00.000254600000,       9.80000,
   00.000254800000,       9.60000,
   00.000255000000,       9.60000,
   00.000255200000,       9.60000,
   00.000255400000,       9.60000,
   00.000255600000,       9.60000,
   00.000255800000,       9.60000,
   00.000256000000,       9.60000,
   00.000256200000,       9.40000,
   00.000256400000,       9.40000,
   00.000256600000,       9.60000,
   00.000256800000,       9.40000,
   00.000257000000,       9.40000,
   00.000257200000,       9.60000,
   00.000257400000,       9.40000,
   00.000257600000,       9.40000,
   00.000257800000,       9.40000,
   00.000258000000,       9.40000,
   00.000258200000,       9.40000,
   00.000258400000,       9.20000,
   00.000258600000,       9.20000,
   00.000258800000,       9.20000,
   00.000259000000,       9.00000,
   00.000259200000,       9.20000,
   00.000259400000,       9.40000,
   00.000259600000,       9.20000,
   00.000259800000,       9.20000,
   00.000260000000,       9.00000,
   00.000260200000,       9.20000,
   00.000260400000,       9.20000,
   00.000260600000,       9.20000,
   00.000260800000,       9.00000,
   00.000261000000,       9.00000,
   00.000261200000,       9.00000,
   00.000261400000,       9.00000,
   00.000261600000,       8.80000,
   00.000261800000,       8.80000,
   00.000262000000,       8.80000,
   00.000262200000,       9.00000,
   00.000262400000,       8.80000,
   00.000262600000,       8.80000,
   00.000262800000,       8.80000,
   00.000263000000,       8.60000,
   00.000263200000,       8.80000,
   00.000263400000,       8.60000,
   00.000263600000,       8.60000,
   00.000263800000,       8.80000,
   00.000264000000,       8.40000,
   00.000264200000,       8.60000,
   00.000264400000,       8.60000,
   00.000264600000,       8.60000,
   00.000264800000,       8.40000,
   00.000265000000,       8.40000,
   00.000265200000,       8.60000,
   00.000265400000,       8.60000,
   00.000265600000,       8.40000,
   00.000265800000,       8.20000,
   00.000266000000,       8.40000,
   00.000266200000,       8.40000,
   00.000266400000,       8.20000,
   00.000266600000,       8.20000,
   00.000266800000,       8.00000,
   00.000267000000,       8.20000,
   00.000267200000,       8.20000,
   00.000267400000,       8.00000,
   00.000267600000,       8.00000,
   00.000267800000,       7.80000,
   00.000268000000,       7.80000,
   00.000268200000,       8.00000,
   00.000268400000,       8.00000,
   00.000268600000,       7.80000,
   00.000268800000,       7.80000,
   00.000269000000,       7.60000,
   00.000269200000,       7.60000,
   00.000269400000,       7.60000,
   00.000269600000,       7.60000,
   00.000269800000,       7.40000,
   00.000270000000,       7.40000,
   00.000270200000,       7.60000,
   00.000270400000,       7.40000,
   00.000270600000,       7.40000,
   00.000270800000,       7.40000,
   00.000271000000,       7.40000,
   00.000271200000,       7.20000,
   00.000271400000,       7.20000,
   00.000271600000,       7.00000,
   00.000271800000,       7.00000,
   00.000272000000,       7.20000,
   00.000272200000,       7.20000,
   00.000272400000,       7.00000,
   00.000272600000,       6.80000,
   00.000272800000,       6.80000,
   00.000273000000,       7.00000,
   00.000273200000,       6.80000,
   00.000273400000,       6.80000,
   00.000273600000,       6.60000,
   00.000273800000,       6.80000,
   00.000274000000,       6.80000,
   00.000274200000,       6.40000,
   00.000274400000,       6.60000,
   00.000274600000,       6.40000,
   00.000274800000,       6.60000,
   00.000275000000,       6.40000,
   00.000275200000,       6.40000,
   00.000275400000,       6.20000,
   00.000275600000,       6.40000,
   00.000275800000,       6.20000,
   00.000276000000,       6.40000,
   00.000276200000,       6.20000,
   00.000276400000,       6.00000,
   00.000276600000,       6.00000,
   00.000276800000,       5.80000,
   00.000277000000,       6.00000,
   00.000277200000,       5.80000,
   00.000277400000,       5.80000,
   00.000277600000,       5.80000,
   00.000277800000,       5.80000,
   00.000278000000,       5.80000,
   00.000278200000,       5.40000,
   00.000278400000,       5.60000,
   00.000278600000,       5.60000,
   00.000278800000,       5.60000,
   00.000279000000,       5.40000,
   00.000279200000,       5.40000,
   00.000279400000,       5.20000,
   00.000279600000,       5.20000,
   00.000279800000,       5.20000,
   00.000280000000,       5.20000,
   00.000280200000,       5.00000,
   00.000280400000,       5.00000,
   00.000280600000,       4.80000,
   00.000280800000,       4.80000,
   00.000281000000,       4.80000,
   00.000281200000,       4.60000,
   00.000281400000,       4.80000,
   00.000281600000,       4.60000,
   00.000281800000,       4.60000,
   00.000282000000,       4.60000,
   00.000282200000,       4.60000,
   00.000282400000,       4.40000,
   00.000282600000,       4.60000,
   00.000282800000,       4.40000,
   00.000283000000,       4.40000,
   00.000283200000,       4.20000,
   00.000283400000,       4.20000,
   00.000283600000,       4.40000,
   00.000283800000,       4.00000,
   00.000284000000,       3.80000,
   00.000284200000,       4.00000,
   00.000284400000,       3.80000,
   00.000284600000,       4.00000,
   00.000284800000,       3.80000,
   00.000285000000,       3.80000,
   00.000285200000,       3.40000,
   00.000285400000,       3.40000,
   00.000285600000,       3.60000,
   00.000285800000,       3.40000,
   00.000286000000,       3.20000,
   00.000286200000,       3.40000,
   00.000286400000,       3.40000,
   00.000286600000,       3.20000,
   00.000286800000,       3.40000,
   00.000287000000,       3.20000,
   00.000287200000,       2.80000,
   00.000287400000,       3.40000,
   00.000287600000,       3.00000,
   00.000287800000,       3.00000,
   00.000288000000,       2.80000,
   00.000288200000,       2.80000,
   00.000288400000,       2.60000,
   00.000288600000,       2.80000,
   00.000288800000,       2.60000,
   00.000289000000,       2.40000,
   00.000289200000,       2.40000,
   00.000289400000,       2.40000,
   00.000289600000,       2.40000,
   00.000289800000,       2.40000,
   00.000290000000,       2.40000,
   00.000290200000,       2.00000,
   00.000290400000,       2.40000,
   00.000290600000,       2.00000,
   00.000290800000,       2.00000,
   00.000291000000,       1.80000,
   00.000291200000,       1.80000,
   00.000291400000,       1.60000,
   00.000291600000,       1.80000,
   00.000291800000,       1.80000,
   00.000292000000,       1.60000,
   00.000292200000,       1.60000,
   00.000292400000,       1.40000,
   00.000292600000,       1.60000,
   00.000292800000,       1.40000,
   00.000293000000,       1.40000,
   00.000293200000,       1.20000,
   00.000293400000,       1.20000,
   00.000293600000,       1.20000,
   00.000293800000,       1.00000,
