0	-0.361209
0.001	-0.710822
0.002	-1.03032
0.003	-1.30785
0.004	-1.53469
0.005	-1.70588
0.006	-1.82038
0.007	-1.88102
0.008	-1.89402
0.009	-1.86828
0.01	-1.81448
0.011	-1.74405
0.012	-1.66814
0.013	-1.59671
0.014	-1.53771
0.015	-1.49665
0.016	-1.47625
0.017	-1.47658
0.018	-1.49528
0.019	-1.52813
0.02	-1.56966
0.021	-1.61395
0.022	-1.65529
0.023	-1.68883
0.024	-1.71111
0.025	-1.72027
0.026	-1.71621
0.027	-1.70043
0.028	-1.67575
0.029	-1.64586
0.03	-1.61483
0.031	-1.58661
0.032	-1.56454
0.033	-1.55097
0.034	-1.5471
0.035	-1.55283
0.036	-1.56689
0.037	-1.58706
0.038	-1.61049
0.039	-1.63405
0.04	-1.65479
0.041	-1.67025
0.042	-1.67875
0.043	-1.67957
0.044	-1.67296
0.045	-1.6601
0.046	-1.64289
0.047	-1.6237
0.048	-1.60503
0.049	-1.5892
0.05	-1.57809
0.051	-1.57291
0.052	-1.57406
0.053	-1.58116
0.054	-1.59306
0.055	-1.60809
0.056	-1.62423
0.057	-1.63939
0.058	-1.6517
0.059	-1.6597
0.06	-1.66254
0.061	-1.66003
0.062	-1.65268
0.063	-1.64159
0.064	-1.62828
0.065	-1.61451
0.066	-1.60204
0.067	-1.59241
0.068	-1.58675
0.069	-1.58565
0.07	-1.58911
0.071	-1.59655
0.072	-1.60691
0.073	-1.6188
0.074	-1.63065
0.075	-1.64096
0.076	-1.64847
0.077	-1.6523
0.078	-1.65208
0.079	-1.64793
0.08	-1.6405
0.081	-1.63082
0.082	-1.62017
0.083	-1.60993
0.084	-1.60141
0.085	-1.59563
0.086	-1.59326
0.087	-1.59452
0.088	-1.59915
0.089	-1.60649
0.09	-1.61553
0.091	-1.62508
0.092	-1.63392
0.093	-1.64093
0.094	-1.64526
0.095	-1.64643
0.096	-1.64436
0.097	-1.63939
0.098	-1.63221
0.099	-1.6238
0.1	-1.61524
0.101	-1.60764
0.102	-1.60193
0.103	-1.59882
0.104	-1.59864
0.105	-1.60135
0.106	-1.60655
0.107	-1.61351
0.108	-1.62132
0.109	-1.62896
0.11	-1.63546
0.111	-1.64002
0.112	-1.64208
0.113	-1.64144
0.114	-1.63823
0.115	-1.63291
0.116	-1.6262
0.117	-1.61899
0.118	-1.6122
0.119	-1.6067
0.12	-1.60316
0.121	-1.602
0.122	-1.60332
0.123	-1.60692
0.124	-1.61228
0.125	-1.6187
0.126	-1.62532
0.127	-1.63131
0.128	-1.63591
0.129	-1.63854
0.13	-1.63892
0.131	-1.63702
0.132	-1.63314
0.133	-1.6278
0.134	-1.62171
0.135	-1.61566
0.136	-1.61043
0.137	-1.60667
0.138	-1.60484
0.139	-1.60514
0.14	-1.60751
0.141	-1.61159
0.142	-1.61685
0.143	-1.62259
0.144	-1.62807
0.145	-1.63259
0.146	-1.63558
0.147	-1.63669
0.148	-1.6358
0.149	-1.63305
0.15	-1.62883
0.151	-1.62371
0.152	-1.61834
0.153	-1.61342
0.154	-1.60958
0.155	-1.6073
0.156	-1.60684
0.157	-1.60823
0.158	-1.61128
0.159	-1.61556
0.16	-1.62052
0.161	-1.62549
0.162	-1.62985
0.163	-1.63305
0.164	-1.63469
0.165	-1.63457
0.166	-1.63274
0.167	-1.62946
0.168	-1.62517
0.169	-1.62043
0.17	-1.61586
0.171	-1.61204
0.172	-1.60946
0.173	-1.60842
0.174	-1.60905
0.175	-1.61124
0.176	-1.61468
0.177	-1.61893
0.178	-1.62343
0.179	-1.62758
0.18	-1.63087
0.181	-1.63288
0.182	-1.63337
0.183	-1.63229
0.184	-1.6298
0.185	-1.62624
0.186	-1.62208
0.187	-1.61786
0.188	-1.61413
0.189	-1.61136
0.19	-1.60989
0.191	-1.60991
0.192	-1.61138
0.193	-1.61411
0.194	-1.61773
0.195	-1.62176
0.196	-1.62568
0.197	-1.62898
0.198	-1.63125
0.199	-1.6322
0.2	-1.63173
0.201	-1.62992
0.202	-1.627
0.203	-1.62337
0.204	-1.61951
0.205	-1.61591
0.206	-1.61304
0.207	-1.61126
0.208	-1.61078
0.209	-1.61166
0.21	-1.61377
0.211	-1.61682
0.212	-1.62042
0.213	-1.62408
0.214	-1.62734
0.215	-1.62978
0.216	-1.63109
0.217	-1.63112
0.218	-1.62988
0.219	-1.62753
0.22	-1.62439
0.221	-1.62087
0.222	-1.61744
0.223	-1.61453
0.224	-1.61252
0.225	-1.61165
0.226	-1.61203
0.227	-1.6136
0.228	-1.61615
0.229	-1.61933
0.23	-1.62273
0.231	-1.62591
0.232	-1.62846
0.233	-1.63005
0.234	-1.63049
0.235	-1.62973
0.236	-1.62788
0.237	-1.62518
0.238	-1.622
0.239	-1.61875
0.24	-1.61585
0.241	-1.61367
0.242	-1.61249
0.243	-1.61245
0.244	-1.61356
0.245	-1.61565
0.246	-1.61845
0.247	-1.62159
0.248	-1.62466
0.249	-1.62727
0.25	-1.62907
0.251	-1.62985
0.252	-1.6295
0.253	-1.62809
0.254	-1.6258
0.255	-1.62294
0.256	-1.61988
0.257	-1.61701
0.258	-1.61472
0.259	-1.61329
0.26	-1.6129
0.261	-1.6136
0.262	-1.61528
0.263	-1.61773
0.264	-1.62062
0.265	-1.62357
0.266	-1.6262
0.267	-1.62817
0.268	-1.62922
0.269	-1.62924
0.27	-1.62822
0.271	-1.6263
0.272	-1.62373
0.273	-1.62086
0.274	-1.61805
0.275	-1.61568
0.276	-1.61404
0.277	-1.61335
0.278	-1.61369
0.279	-1.61501
0.28	-1.61713
0.281	-1.61978
0.282	-1.6226
0.283	-1.62523
0.284	-1.62733
0.285	-1.62862
0.286	-1.62895
0.287	-1.62828
0.288	-1.62669
0.289	-1.6244
0.29	-1.62172
0.291	-1.61898
0.292	-1.61655
0.293	-1.61475
0.294	-1.6138
0.295	-1.61382
0.296	-1.61481
0.297	-1.61663
0.298	-1.61905
0.299	-1.62174
0.3	-1.62436
0.301	-1.62656
0.302	-1.62806
0.303	-1.62866
0.304	-1.6283
0.305	-1.62702
0.306	-1.62499
0.307	-1.62248
0.308	-1.61982
0.309	-1.61736
0.31	-1.61541
0.311	-1.61422
0.312	-1.61396
0.313	-1.61465
0.314	-1.61619
0.315	-1.61839
0.316	-1.62096
0.317	-1.62355
0.318	-1.62584
0.319	-1.62752
0.32	-1.62838
0.321	-1.6283
0.322	-1.62731
0.323	-1.62553
0.324	-1.62319
0.325	-1.6206
0.326	-1.61811
0.327	-1.61603
0.328	-1.61463
0.329	-1.6141
0.33	-1.61451
0.331	-1.61579
0.332	-1.61778
0.333	-1.62022
0.334	-1.62279
0.335	-1.62516
0.336	-1.62701
0.337	-1.6281
0.338	-1.6283
0.339	-1.62758
0.34	-1.62603
0.341	-1.62385
0.342	-1.62134
0.343	-1.61882
0.344	-1.61662
0.345	-1.61502
0.346	-1.61424
0.347	-1.61438
0.348	-1.61541
0.349	-1.6172
0.35	-1.61952
0.351	-1.62207
0.352	-1.6245
0.353	-1.62652
0.354	-1.62784
0.355	-1.6283
0.356	-1.62784
0.357	-1.62651
0.358	-1.6245
0.359	-1.62206
0.36	-1.61952
0.361	-1.6172
0.362	-1.6154
0.363	-1.61437
0.364	-1.61424
0.365	-1.61502
0.366	-1.61662
0.367	-1.61882
0.368	-1.62135
0.369	-1.62386
0.37	-1.62603
0.371	-1.62758
0.372	-1.6283
0.373	-1.6281
0.374	-1.62701
0.375	-1.62516
0.376	-1.62279
0.377	-1.62022
0.378	-1.61778
0.379	-1.61579
0.38	-1.61451
0.381	-1.6141
0.382	-1.61463
0.383	-1.61603
0.384	-1.61811
0.385	-1.62061
0.386	-1.62319
0.387	-1.62553
0.388	-1.62731
0.389	-1.62831
0.39	-1.62838
0.391	-1.62752
0.392	-1.62584
0.393	-1.62355
0.394	-1.62095
0.395	-1.61839
0.396	-1.61619
0.397	-1.61464
0.398	-1.61396
0.399	-1.61422
0.4	-1.61541
0.401	-1.61736
0.402	-1.61983
0.403	-1.62249
0.404	-1.625
0.405	-1.62702
0.406	-1.6283
0.407	-1.62866
0.408	-1.62806
0.409	-1.62656
0.41	-1.62436
0.411	-1.62174
0.412	-1.61905
0.413	-1.61663
0.414	-1.61481
0.415	-1.61382
0.416	-1.61379
0.417	-1.61475
0.418	-1.61655
0.419	-1.61898
0.42	-1.62172
0.421	-1.62441
0.422	-1.62669
0.423	-1.62828
0.424	-1.62896
0.425	-1.62863
0.426	-1.62733
0.427	-1.62523
0.428	-1.6226
0.429	-1.61978
0.43	-1.61713
0.431	-1.61501
0.432	-1.61369
0.433	-1.61335
0.434	-1.61404
0.435	-1.61568
0.436	-1.61805
0.437	-1.62086
0.438	-1.62373
0.439	-1.6263
0.44	-1.62822
0.441	-1.62924
0.442	-1.62923
0.443	-1.62817
0.444	-1.6262
0.445	-1.62357
0.446	-1.62061
0.447	-1.61773
0.448	-1.61528
0.449	-1.61359
0.45	-1.6129
0.451	-1.61329
0.452	-1.61472
0.453	-1.61701
0.454	-1.61988
0.455	-1.62294
0.456	-1.62581
0.457	-1.6281
0.458	-1.62951
0.459	-1.62985
0.46	-1.62907
0.461	-1.62727
0.462	-1.62466
0.463	-1.62159
0.464	-1.61845
0.465	-1.61564
0.466	-1.61355
0.467	-1.61245
0.468	-1.61249
0.469	-1.61367
0.47	-1.61585
0.471	-1.61875
0.472	-1.622
0.473	-1.62518
0.474	-1.62788
0.475	-1.62973
0.476	-1.63049
0.477	-1.63005
0.478	-1.62846
0.479	-1.62591
0.48	-1.62273
0.481	-1.61933
0.482	-1.61614
0.483	-1.6136
0.484	-1.61203
0.485	-1.61165
0.486	-1.61251
0.487	-1.61453
0.488	-1.61744
0.489	-1.62087
0.49	-1.62439
0.491	-1.62753
0.492	-1.62988
0.493	-1.63113
0.494	-1.6311
0.495	-1.62978
0.496	-1.62734
0.497	-1.62408
0.498	-1.62041
0.499	-1.61682
0.5	-1.61377
0.501	-1.61166
0.502	-1.61078
0.503	-1.61125
0.504	-1.61304
0.505	-1.61591
0.506	-1.61951
0.507	-1.62337
0.508	-1.627
0.509	-1.62992
0.51	-1.63174
0.511	-1.63221
0.512	-1.63125
0.513	-1.62898
0.514	-1.62568
0.515	-1.62176
0.516	-1.61773
0.517	-1.61411
0.518	-1.61138
0.519	-1.6099
0.52	-1.60989
0.521	-1.61135
0.522	-1.61413
0.523	-1.61786
0.524	-1.62208
0.525	-1.62624
0.526	-1.6298
0.527	-1.63229
0.528	-1.63337
0.529	-1.63289
0.53	-1.63088
0.531	-1.62759
0.532	-1.62343
0.533	-1.61893
0.534	-1.61468
0.535	-1.61123
0.536	-1.60904
0.537	-1.60841
0.538	-1.60945
0.539	-1.61204
0.54	-1.61586
0.541	-1.62043
0.542	-1.62517
0.543	-1.62947
0.544	-1.63275
0.545	-1.63458
0.546	-1.63469
0.547	-1.63306
0.548	-1.62986
0.549	-1.6255
0.55	-1.62052
0.551	-1.61556
0.552	-1.61128
0.553	-1.60823
0.554	-1.60683
0.555	-1.60729
0.556	-1.60958
0.557	-1.61342
0.558	-1.61833
0.559	-1.6237
0.56	-1.62884
0.561	-1.63306
0.562	-1.6358
0.563	-1.63669
0.564	-1.63559
0.565	-1.63259
0.566	-1.62807
0.567	-1.6226
0.568	-1.61685
0.569	-1.61159
0.57	-1.6075
0.571	-1.60514
0.572	-1.60483
0.573	-1.60666
0.574	-1.61042
0.575	-1.61565
0.576	-1.6217
0.577	-1.6278
0.578	-1.63314
0.579	-1.63703
0.58	-1.63892
0.581	-1.63855
0.582	-1.63591
0.583	-1.63132
0.584	-1.62533
0.585	-1.6187
0.586	-1.61228
0.587	-1.60692
0.588	-1.60332
0.589	-1.60199
0.59	-1.60315
0.591	-1.60669
0.592	-1.61219
0.593	-1.61898
0.594	-1.6262
0.595	-1.63291
0.596	-1.63823
0.597	-1.64145
0.598	-1.64209
0.599	-1.64003
0.6	-1.63547
0.601	-1.62897
0.602	-1.62133
0.603	-1.61351
0.604	-1.60654
0.605	-1.60134
0.606	-1.59863
0.607	-1.59881
0.608	-1.60192
0.609	-1.60762
0.61	-1.61523
0.611	-1.62379
0.612	-1.63221
0.613	-1.63939
0.614	-1.64437
0.615	-1.64644
0.616	-1.64528
0.617	-1.64094
0.618	-1.63393
0.619	-1.62509
0.62	-1.61553
0.621	-1.60649
0.622	-1.59915
0.623	-1.59451
0.624	-1.59325
0.625	-1.59561
0.626	-1.60139
0.627	-1.60992
0.628	-1.62016
0.629	-1.63081
0.63	-1.6405
0.631	-1.64794
0.632	-1.65209
0.633	-1.65232
0.634	-1.64848
0.635	-1.64097
0.636	-1.63066
0.637	-1.61881
0.638	-1.60692
0.639	-1.59655
0.64	-1.5891
0.641	-1.58563
0.642	-1.58673
0.643	-1.59239
0.644	-1.60202
0.645	-1.6145
0.646	-1.62827
0.647	-1.64159
0.648	-1.65269
0.649	-1.66004
0.65	-1.66255
0.651	-1.65972
0.652	-1.65172
0.653	-1.63941
0.654	-1.62424
0.655	-1.6081
0.656	-1.59307
0.657	-1.58115
0.658	-1.57405
0.659	-1.57289
0.66	-1.57806
0.661	-1.58917
0.662	-1.605
0.663	-1.62368
0.664	-1.64288
0.665	-1.6601
0.666	-1.67297
0.667	-1.67959
0.668	-1.67878
0.669	-1.67028
0.67	-1.65482
0.671	-1.63408
0.672	-1.61051
0.673	-1.58707
0.674	-1.56689
0.675	-1.55281
0.676	-1.54707
0.677	-1.55093
0.678	-1.56449
0.679	-1.58657
0.68	-1.6148
0.681	-1.64584
0.682	-1.67574
0.683	-1.70044
0.684	-1.71624
0.685	-1.72031
0.686	-1.71116
0.687	-1.68889
0.688	-1.65534
0.689	-1.614
0.69	-1.5697
0.691	-1.52814
0.692	-1.49527
0.693	-1.47654
0.694	-1.47618
0.695	-1.49656
0.696	-1.53761
0.697	-1.5966
0.698	-1.66806
0.699	-1.74399
0.7	-1.81447
0.701	-1.86833
0.702	-1.89414
0.703	-1.88121
0.704	-1.82065
0.705	-1.70621
0.706	-1.53509
0.707	-1.30829
0.708	-1.0308
0.709	-0.711309
0.71	-0.361687
0.711	0.00390072
0.712	0.370036
0.713	0.721234
0.714	1.04313
0.715	1.32357
0.716	1.55348
0.717	1.72752
0.718	1.8443
0.719	1.90638
0.72	1.91979
0.721	1.89341
0.722	1.838
0.723	1.76521
0.724	1.68651
0.725	1.61219
0.726	1.5506
0.727	1.50756
0.728	1.48606
0.729	1.48629
0.73	1.50592
0.731	1.54059
0.732	1.58461
0.733	1.63174
0.734	1.6759
0.735	1.7119
0.736	1.73593
0.737	1.74594
0.738	1.74171
0.739	1.72476
0.74	1.69805
0.741	1.66555
0.742	1.63166
0.743	1.60068
0.744	1.5763
0.745	1.56119
0.746	1.55673
0.747	1.56289
0.748	1.57835
0.749	1.60072
0.75	1.62685
0.751	1.65329
0.752	1.6767
0.753	1.6943
0.754	1.70413
0.755	1.70529
0.756	1.698
0.757	1.68352
0.758	1.66397
0.759	1.64199
0.76	1.62045
0.761	1.60205
0.762	1.58897
0.763	1.58269
0.764	1.58375
0.765	1.59177
0.766	1.6055
0.767	1.62302
0.768	1.642
0.769	1.65999
0.77	1.67476
0.771	1.68454
0.772	1.68824
0.773	1.68558
0.774	1.67707
0.775	1.66397
0.776	1.64804
0.777	1.63139
0.778	1.61614
0.779	1.60418
0.78	1.59694
0.781	1.59522
0.782	1.59909
0.783	1.60792
0.784	1.62047
0.785	1.63507
0.786	1.64982
0.787	1.66284
0.788	1.67253
0.789	1.67773
0.79	1.67788
0.791	1.67308
0.792	1.66404
0.793	1.652
0.794	1.63855
0.795	1.62542
0.796	1.61428
0.797	1.60649
0.798	1.60298
0.799	1.60411
0.8	1.60964
0.801	1.61879
0.802	1.63033
0.803	1.64275
0.804	1.65446
0.805	1.66398
0.806	1.67015
0.807	1.67223
0.808	1.67004
0.809	1.66393
0.81	1.65474
0.811	1.64369
0.812	1.63221
0.813	1.62178
0.814	1.6137
0.815	1.60895
0.816	1.6081
0.817	1.61118
0.818	1.61775
0.819	1.62691
0.82	1.63747
0.821	1.64805
0.822	1.65732
0.823	1.66411
0.824	1.66759
0.825	1.66738
0.826	1.66354
0.827	1.65663
0.828	1.64755
0.829	1.6375
0.83	1.62776
0.831	1.61957
0.832	1.61396
0.833	1.6116
0.834	1.61275
0.835	1.61722
0.836	1.6244
0.837	1.63334
0.838	1.64288
0.839	1.6518
0.84	1.65897
0.841	1.66351
0.842	1.66485
0.843	1.66288
0.844	1.65787
0.845	1.65051
0.846	1.64176
0.847	1.63274
0.848	1.62461
0.849	1.61839
0.85	1.61486
0.851	1.61443
0.852	1.61713
0.853	1.62258
0.854	1.63006
0.855	1.63859
0.856	1.64707
0.857	1.65443
0.858	1.65974
0.859	1.66234
0.86	1.66193
0.861	1.65859
0.862	1.65278
0.863	1.64525
0.864	1.63699
0.865	1.62905
0.866	1.62245
0.867	1.61801
0.868	1.61627
0.869	1.61744
0.87	1.62134
0.871	1.62745
0.872	1.63497
0.873	1.64292
0.874	1.6503
0.875	1.65616
0.876	1.65978
0.877	1.6607
0.878	1.65884
0.879	1.65445
0.88	1.64812
0.881	1.64067
0.882	1.63305
0.883	1.62624
0.884	1.6211
0.885	1.61828
0.886	1.61811
0.887	1.6206
0.888	1.62541
0.889	1.63191
0.89	1.63925
0.891	1.6465
0.892	1.65273
0.893	1.65715
0.894	1.65921
0.895	1.65868
0.896	1.65562
0.897	1.65046
0.898	1.64385
0.899	1.63667
0.9	1.62982
0.901	1.62418
0.902	1.62046
0.903	1.61912
0.904	1.62031
0.905	1.62388
0.906	1.62934
0.907	1.63599
0.908	1.64297
0.909	1.64939
0.91	1.65444
0.911	1.65748
0.912	1.65813
0.913	1.65632
0.914	1.6523
0.915	1.6466
0.916	1.63995
0.917	1.63321
0.918	1.62724
0.919	1.62279
0.92	1.62043
0.921	1.62044
0.922	1.62281
0.923	1.62722
0.924	1.63311
0.925	1.6397
0.926	1.64617
0.927	1.65167
0.928	1.65552
0.929	1.65723
0.93	1.65659
0.931	1.6537
0.932	1.64894
0.933	1.64292
0.934	1.63642
0.935	1.63028
0.936	1.62526
0.937	1.62202
0.938	1.62095
0.939	1.62218
0.94	1.62554
0.941	1.6306
0.942	1.63669
0.943	1.64305
0.944	1.64885
0.945	1.65336
0.946	1.656
0.947	1.65645
0.948	1.65466
0.949	1.65087
0.95	1.64557
0.951	1.63944
0.952	1.63327
0.953	1.62785
0.954	1.62386
0.955	1.62181
0.956	1.62196
0.957	1.62427
0.958	1.62845
0.959	1.63395
0.96	1.64006
0.961	1.64601
0.962	1.65102
0.963	1.65448
0.964	1.65593
0.965	1.65521
0.966	1.65241
0.967	1.64789
0.968	1.64225
0.969	1.6362
0.97	1.63052
0.971	1.62593
0.972	1.62301
0.973	1.62214
0.974	1.62342
0.975	1.62667
0.976	1.63148
0.977	1.63722
0.978	1.64317
0.979	1.64855
0.98	1.65269
0.981	1.65506
0.982	1.65536
0.983	1.65355
0.984	1.64989
0.985	1.64483
0.986	1.63903
0.987	1.63323
0.988	1.62818
0.989	1.62451
0.99	1.62269
0.991	1.62296
0.992	1.62526
0.993	1.6293
0.994	1.63456
0.995	1.64037
0.996	1.64598
0.997	1.65067
0.998	1.65385
0.999	1.65512
1	1.65431
1.001	1.65154
1.002	1.64716
1.003	1.64174
1.004	1.63597
1.005	1.63059
1.006	1.62628
1.007	1.6236
1.008	1.62289
1.009	1.62422
1.01	1.62743
1.011	1.63211
1.012	1.63765
1.013	1.64334
1.014	1.64845
1.015	1.65234
1.016	1.65451
1.017	1.65468
1.018	1.65284
1.019	1.64922
1.02	1.64429
1.021	1.63868
1.022	1.63311
1.023	1.62829
1.024	1.62484
1.025	1.6232
1.026	1.62356
1.027	1.6259
1.028	1.62989
1.029	1.63503
1.03	1.64067
1.031	1.64607
1.032	1.65056
1.033	1.65355
1.034	1.65467
1.035	1.65377
1.036	1.65098
1.037	1.64664
1.038	1.64133
1.039	1.63571
1.04	1.63051
1.041	1.62639
1.042	1.62387
1.043	1.62329
1.044	1.6247
1.045	1.62793
1.046	1.63256
1.047	1.63801
1.048	1.64357
1.049	1.64853
1.05	1.65225
1.051	1.65428
1.052	1.65433
1.053	1.65242
1.054	1.64878
1.055	1.64388
1.056	1.63835
1.057	1.63289
1.058	1.62821
1.059	1.6249
1.06	1.62339
1.061	1.62386
1.062	1.62626
1.063	1.63028
1.064	1.6354
1.065	1.64098
1.066	1.64629
1.067	1.65065
1.068	1.65352
1.069	1.65452
1.07	1.65352
1.071	1.65066
1.072	1.64629
1.073	1.64098
1.074	1.63541
1.075	1.63028
1.076	1.62626
1.077	1.62386
1.078	1.62339
1.079	1.6249
1.08	1.62821
1.081	1.63289
1.082	1.63834
1.083	1.64387
1.084	1.64877
1.085	1.65241
1.086	1.65433
1.087	1.65428
1.088	1.65226
1.089	1.64853
1.09	1.64357
1.091	1.63802
1.092	1.63257
1.093	1.62794
1.094	1.6247
1.095	1.62329
1.096	1.62387
1.097	1.62638
1.098	1.6305
1.099	1.6357
1.1	1.64132
1.101	1.64664
1.102	1.65097
1.103	1.65377
1.104	1.65467
1.105	1.65355
1.106	1.65056
1.107	1.64608
1.108	1.64067
1.109	1.63504
1.11	1.6299
1.111	1.6259
1.112	1.62357
1.113	1.6232
1.114	1.62484
1.115	1.62829
1.116	1.6331
1.117	1.63867
1.118	1.64428
1.119	1.64921
1.12	1.65283
1.121	1.65468
1.122	1.65451
1.123	1.65235
1.124	1.64846
1.125	1.64334
1.126	1.63765
1.127	1.63212
1.128	1.62744
1.129	1.62423
1.13	1.62289
1.131	1.6236
1.132	1.62628
1.133	1.63058
1.134	1.63596
1.135	1.64173
1.136	1.64715
1.137	1.65153
1.138	1.65431
1.139	1.65512
1.14	1.65385
1.141	1.65068
1.142	1.64599
1.143	1.64038
1.144	1.63457
1.145	1.62931
1.146	1.62526
1.147	1.62296
1.148	1.62269
1.149	1.62451
1.15	1.62817
1.151	1.63323
1.152	1.63902
1.153	1.64482
1.154	1.64988
1.155	1.65355
1.156	1.65535
1.157	1.65506
1.158	1.65269
1.159	1.64856
1.16	1.64318
1.161	1.63723
1.162	1.63149
1.163	1.62668
1.164	1.62342
1.165	1.62214
1.166	1.62301
1.167	1.62592
1.168	1.63051
1.169	1.63619
1.17	1.64224
1.171	1.64789
1.172	1.6524
1.173	1.65521
1.174	1.65593
1.175	1.65448
1.176	1.65103
1.177	1.64601
1.178	1.64007
1.179	1.63396
1.18	1.62846
1.181	1.62428
1.182	1.62196
1.183	1.62181
1.184	1.62386
1.185	1.62784
1.186	1.63326
1.187	1.63943
1.188	1.64556
1.189	1.65086
1.19	1.65466
1.191	1.65645
1.192	1.656
1.193	1.65336
1.194	1.64886
1.195	1.64306
1.196	1.6367
1.197	1.63061
1.198	1.62555
1.199	1.62218
1.2	1.62095
1.201	1.62202
1.202	1.62526
1.203	1.63027
1.204	1.63641
1.205	1.64291
1.206	1.64893
1.207	1.65369
1.208	1.65658
1.209	1.65722
1.21	1.65552
1.211	1.65167
1.212	1.64617
1.213	1.63971
1.214	1.63312
1.215	1.62723
1.216	1.62281
1.217	1.62044
1.218	1.62043
1.219	1.62279
1.22	1.62723
1.221	1.6332
1.222	1.63995
1.223	1.64659
1.224	1.6523
1.225	1.65631
1.226	1.65812
1.227	1.65748
1.228	1.65445
1.229	1.6494
1.23	1.64298
1.231	1.636
1.232	1.62935
1.233	1.62388
1.234	1.62032
1.235	1.61912
1.236	1.62046
1.237	1.62417
1.238	1.62981
1.239	1.63666
1.24	1.64384
1.241	1.65045
1.242	1.65561
1.243	1.65867
1.244	1.65921
1.245	1.65715
1.246	1.65273
1.247	1.64651
1.248	1.63926
1.249	1.63192
1.25	1.62542
1.251	1.62061
1.252	1.61812
1.253	1.61828
1.254	1.6211
1.255	1.62623
1.256	1.63304
1.257	1.64066
1.258	1.64811
1.259	1.65444
1.26	1.65883
1.261	1.6607
1.262	1.65978
1.263	1.65617
1.264	1.65031
1.265	1.64293
1.266	1.63498
1.267	1.62746
1.268	1.62135
1.269	1.61745
1.27	1.61628
1.271	1.61801
1.272	1.62244
1.273	1.62904
1.274	1.63698
1.275	1.64524
1.276	1.65276
1.277	1.65858
1.278	1.66192
1.279	1.66234
1.28	1.65974
1.281	1.65444
1.282	1.64708
1.283	1.6386
1.284	1.63007
1.285	1.6226
1.286	1.61714
1.287	1.61444
1.288	1.61486
1.289	1.61839
1.29	1.6246
1.291	1.63273
1.292	1.64174
1.293	1.6505
1.294	1.65786
1.295	1.66287
1.296	1.66485
1.297	1.66351
1.298	1.65898
1.299	1.65181
1.3	1.64289
1.301	1.63335
1.302	1.62441
1.303	1.61723
1.304	1.61276
1.305	1.61161
1.306	1.61396
1.307	1.61957
1.308	1.62775
1.309	1.63748
1.31	1.64753
1.311	1.65661
1.312	1.66353
1.313	1.66737
1.314	1.66759
1.315	1.66411
1.316	1.65732
1.317	1.64806
1.318	1.63748
1.319	1.62693
1.32	1.61776
1.321	1.61119
1.322	1.60811
1.323	1.60896
1.324	1.6137
1.325	1.62177
1.326	1.6322
1.327	1.64367
1.328	1.65472
1.329	1.66391
1.33	1.67003
1.331	1.67222
1.332	1.67014
1.333	1.66399
1.334	1.65447
1.335	1.64277
1.336	1.63035
1.337	1.61881
1.338	1.60965
1.339	1.60412
1.34	1.60299
1.341	1.60649
1.342	1.61427
1.343	1.62541
1.344	1.63854
1.345	1.65199
1.346	1.66403
1.347	1.67307
1.348	1.67787
1.349	1.67772
1.35	1.67253
1.351	1.66285
1.352	1.64983
1.353	1.63509
1.354	1.62049
1.355	1.60794
1.356	1.5991
1.357	1.59523
1.358	1.59695
1.359	1.60418
1.36	1.61613
1.361	1.63138
1.362	1.64802
1.363	1.66394
1.364	1.67705
1.365	1.68556
1.366	1.68823
1.367	1.68453
1.368	1.67477
1.369	1.66
1.37	1.64202
1.371	1.62305
1.372	1.60553
1.373	1.5918
1.374	1.58377
1.375	1.5827
1.376	1.58898
1.377	1.60204
1.378	1.62043
1.379	1.64197
1.38	1.66394
1.381	1.68349
1.382	1.69797
1.383	1.70527
1.384	1.70412
1.385	1.6943
1.386	1.67672
1.387	1.65331
1.388	1.62688
1.389	1.60076
1.39	1.57839
1.391	1.56292
1.392	1.55675
1.393	1.56121
1.394	1.5763
1.395	1.60066
1.396	1.63163
1.397	1.66551
1.398	1.69801
1.399	1.72471
1.4	1.74167
1.401	1.74591
1.402	1.73592
1.403	1.7119
1.404	1.67593
1.405	1.63179
1.406	1.58467
1.407	1.54065
1.408	1.50598
1.409	1.48634
1.41	1.48609
1.411	1.50757
1.412	1.55058
1.413	1.61214
1.414	1.68643
1.415	1.76512
1.416	1.83789
1.417	1.8933
1.418	1.9197
1.419	1.90632
1.42	1.84429
1.421	1.72757
1.422	1.5536
1.423	1.32376
1.424	1.0434
1.425	0.721573
1.426	0.370437
1.427	0.00434903
1.428	-0.361209
1.429	-0.710822
1.43	-1.03032
1.431	-1.30785
1.432	-1.53469
1.433	-1.70588
1.434	-1.82038
1.435	-1.88102
1.436	-1.89402
1.437	-1.86828
1.438	-1.81448
1.439	-1.74405
1.44	-1.66814
1.441	-1.59671
1.442	-1.53771
1.443	-1.49665
1.444	-1.47625
1.445	-1.47658
1.446	-1.49528
1.447	-1.52813
1.448	-1.56966
1.449	-1.61395
1.45	-1.65529
1.451	-1.68883
1.452	-1.71111
1.453	-1.72027
1.454	-1.71621
1.455	-1.70043
1.456	-1.67575
1.457	-1.64586
1.458	-1.61483
1.459	-1.58661
1.46	-1.56454
1.461	-1.55097
1.462	-1.5471
1.463	-1.55283
1.464	-1.56689
1.465	-1.58706
1.466	-1.61049
1.467	-1.63405
1.468	-1.65479
1.469	-1.67025
1.47	-1.67875
1.471	-1.67957
1.472	-1.67296
1.473	-1.6601
1.474	-1.64289
1.475	-1.6237
1.476	-1.60503
1.477	-1.5892
1.478	-1.57809
1.479	-1.57291
1.48	-1.57406
1.481	-1.58116
1.482	-1.59306
1.483	-1.60809
1.484	-1.62423
1.485	-1.63939
1.486	-1.6517
1.487	-1.6597
1.488	-1.66254
1.489	-1.66003
1.49	-1.65268
1.491	-1.64159
1.492	-1.62828
1.493	-1.61451
1.494	-1.60204
1.495	-1.59241
1.496	-1.58675
1.497	-1.58565
1.498	-1.58911
1.499	-1.59655
1.5	-1.60691
1.501	-1.6188
1.502	-1.63065
1.503	-1.64096
1.504	-1.64847
1.505	-1.6523
1.506	-1.65208
1.507	-1.64793
1.508	-1.6405
1.509	-1.63082
1.51	-1.62017
1.511	-1.60993
1.512	-1.60141
1.513	-1.59563
1.514	-1.59326
1.515	-1.59452
1.516	-1.59915
1.517	-1.60649
1.518	-1.61553
1.519	-1.62508
1.52	-1.63392
1.521	-1.64093
1.522	-1.64526
1.523	-1.64643
1.524	-1.64436
1.525	-1.63939
1.526	-1.63221
1.527	-1.6238
1.528	-1.61524
1.529	-1.60764
1.53	-1.60193
1.531	-1.59882
1.532	-1.59864
1.533	-1.60135
1.534	-1.60655
1.535	-1.61351
1.536	-1.62132
1.537	-1.62896
1.538	-1.63546
1.539	-1.64002
1.54	-1.64208
1.541	-1.64144
1.542	-1.63823
1.543	-1.63291
1.544	-1.6262
1.545	-1.61899
1.546	-1.6122
1.547	-1.6067
1.548	-1.60316
1.549	-1.602
1.55	-1.60332
1.551	-1.60692
1.552	-1.61228
1.553	-1.6187
1.554	-1.62532
1.555	-1.63131
1.556	-1.63591
1.557	-1.63854
1.558	-1.63892
1.559	-1.63702
1.56	-1.63314
1.561	-1.6278
1.562	-1.62171
1.563	-1.61566
1.564	-1.61043
1.565	-1.60667
1.566	-1.60484
1.567	-1.60514
1.568	-1.60751
1.569	-1.61159
1.57	-1.61685
1.571	-1.62259
1.572	-1.62807
1.573	-1.63259
1.574	-1.63558
1.575	-1.63669
1.576	-1.6358
1.577	-1.63305
1.578	-1.62883
1.579	-1.62371
1.58	-1.61834
1.581	-1.61342
1.582	-1.60958
1.583	-1.6073
1.584	-1.60684
1.585	-1.60823
1.586	-1.61128
1.587	-1.61556
1.588	-1.62052
1.589	-1.62549
1.59	-1.62985
1.591	-1.63305
1.592	-1.63469
1.593	-1.63457
1.594	-1.63274
1.595	-1.62946
1.596	-1.62517
1.597	-1.62043
1.598	-1.61586
1.599	-1.61204
1.6	-1.60946
1.601	-1.60842
1.602	-1.60905
1.603	-1.61124
1.604	-1.61468
1.605	-1.61893
1.606	-1.62343
1.607	-1.62758
1.608	-1.63087
1.609	-1.63288
1.61	-1.63337
1.611	-1.63229
1.612	-1.6298
1.613	-1.62624
1.614	-1.62208
1.615	-1.61786
1.616	-1.61413
1.617	-1.61136
1.618	-1.60989
1.619	-1.60991
1.62	-1.61138
1.621	-1.61411
1.622	-1.61773
1.623	-1.62176
1.624	-1.62568
1.625	-1.62898
1.626	-1.63125
1.627	-1.6322
1.628	-1.63173
1.629	-1.62992
1.63	-1.627
1.631	-1.62337
1.632	-1.61951
1.633	-1.61591
1.634	-1.61304
1.635	-1.61126
1.636	-1.61078
1.637	-1.61166
1.638	-1.61377
1.639	-1.61682
1.64	-1.62042
1.641	-1.62408
1.642	-1.62734
1.643	-1.62978
1.644	-1.63109
1.645	-1.63112
1.646	-1.62988
1.647	-1.62753
1.648	-1.62439
1.649	-1.62087
1.65	-1.61744
1.651	-1.61453
1.652	-1.61252
1.653	-1.61165
1.654	-1.61203
1.655	-1.6136
1.656	-1.61615
1.657	-1.61933
1.658	-1.62273
1.659	-1.62591
1.66	-1.62846
1.661	-1.63005
1.662	-1.63049
1.663	-1.62973
1.664	-1.62788
1.665	-1.62518
1.666	-1.622
1.667	-1.61875
1.668	-1.61585
1.669	-1.61367
1.67	-1.61249
1.671	-1.61245
1.672	-1.61356
1.673	-1.61565
1.674	-1.61845
1.675	-1.62159
1.676	-1.62466
1.677	-1.62727
1.678	-1.62907
1.679	-1.62985
1.68	-1.6295
1.681	-1.62809
1.682	-1.6258
1.683	-1.62294
1.684	-1.61988
1.685	-1.61701
1.686	-1.61472
1.687	-1.61329
1.688	-1.6129
1.689	-1.6136
1.69	-1.61528
1.691	-1.61773
1.692	-1.62062
1.693	-1.62357
1.694	-1.6262
1.695	-1.62817
1.696	-1.62922
1.697	-1.62924
1.698	-1.62822
1.699	-1.6263
1.7	-1.62373
1.701	-1.62086
1.702	-1.61805
1.703	-1.61568
1.704	-1.61404
1.705	-1.61335
1.706	-1.61369
1.707	-1.61501
1.708	-1.61713
1.709	-1.61978
1.71	-1.6226
1.711	-1.62523
1.712	-1.62733
1.713	-1.62862
1.714	-1.62895
1.715	-1.62828
1.716	-1.62669
1.717	-1.6244
1.718	-1.62172
1.719	-1.61898
1.72	-1.61655
1.721	-1.61475
1.722	-1.6138
1.723	-1.61382
1.724	-1.61481
1.725	-1.61663
1.726	-1.61905
1.727	-1.62174
1.728	-1.62436
1.729	-1.62656
1.73	-1.62806
1.731	-1.62866
1.732	-1.6283
1.733	-1.62702
1.734	-1.62499
1.735	-1.62248
1.736	-1.61982
1.737	-1.61736
1.738	-1.61541
1.739	-1.61422
1.74	-1.61396
1.741	-1.61465
1.742	-1.61619
1.743	-1.61839
1.744	-1.62096
1.745	-1.62355
1.746	-1.62584
1.747	-1.62752
1.748	-1.62838
1.749	-1.6283
1.75	-1.62731
1.751	-1.62553
1.752	-1.62319
1.753	-1.6206
1.754	-1.61811
1.755	-1.61603
1.756	-1.61463
1.757	-1.6141
1.758	-1.61451
1.759	-1.61579
1.76	-1.61778
1.761	-1.62022
1.762	-1.62279
1.763	-1.62516
1.764	-1.62701
1.765	-1.6281
1.766	-1.6283
1.767	-1.62758
1.768	-1.62603
1.769	-1.62385
1.77	-1.62134
1.771	-1.61882
1.772	-1.61662
1.773	-1.61502
1.774	-1.61424
1.775	-1.61438
1.776	-1.61541
1.777	-1.6172
1.778	-1.61952
1.779	-1.62207
1.78	-1.6245
1.781	-1.62652
1.782	-1.62784
1.783	-1.6283
1.784	-1.62784
1.785	-1.62651
1.786	-1.6245
1.787	-1.62206
1.788	-1.61952
1.789	-1.6172
1.79	-1.6154
1.791	-1.61437
1.792	-1.61424
1.793	-1.61502
1.794	-1.61662
1.795	-1.61882
1.796	-1.62135
1.797	-1.62386
1.798	-1.62603
1.799	-1.62758
1.8	-1.6283
1.801	-1.6281
1.802	-1.62701
1.803	-1.62516
1.804	-1.62279
1.805	-1.62022
1.806	-1.61778
1.807	-1.61579
1.808	-1.61451
1.809	-1.6141
1.81	-1.61463
1.811	-1.61603
1.812	-1.61811
1.813	-1.62061
1.814	-1.62319
1.815	-1.62553
1.816	-1.62731
1.817	-1.62831
1.818	-1.62838
1.819	-1.62752
1.82	-1.62584
1.821	-1.62355
1.822	-1.62095
1.823	-1.61839
1.824	-1.61619
1.825	-1.61464
1.826	-1.61396
1.827	-1.61422
1.828	-1.61541
1.829	-1.61736
1.83	-1.61983
1.831	-1.62249
1.832	-1.625
1.833	-1.62702
1.834	-1.6283
1.835	-1.62866
1.836	-1.62806
1.837	-1.62656
1.838	-1.62436
1.839	-1.62174
1.84	-1.61905
1.841	-1.61663
1.842	-1.61481
1.843	-1.61382
1.844	-1.61379
1.845	-1.61475
1.846	-1.61655
1.847	-1.61898
1.848	-1.62172
1.849	-1.62441
1.85	-1.62669
1.851	-1.62828
1.852	-1.62896
1.853	-1.62863
1.854	-1.62733
1.855	-1.62523
1.856	-1.6226
1.857	-1.61978
1.858	-1.61713
1.859	-1.61501
1.86	-1.61369
1.861	-1.61335
1.862	-1.61404
1.863	-1.61568
1.864	-1.61805
1.865	-1.62086
1.866	-1.62373
1.867	-1.6263
1.868	-1.62822
1.869	-1.62924
1.87	-1.62923
1.871	-1.62817
1.872	-1.6262
1.873	-1.62357
1.874	-1.62061
1.875	-1.61773
1.876	-1.61528
1.877	-1.61359
1.878	-1.6129
1.879	-1.61329
1.88	-1.61472
1.881	-1.61701
1.882	-1.61988
1.883	-1.62294
1.884	-1.62581
1.885	-1.6281
1.886	-1.62951
1.887	-1.62985
1.888	-1.62907
1.889	-1.62727
1.89	-1.62466
1.891	-1.62159
1.892	-1.61845
1.893	-1.61564
1.894	-1.61355
1.895	-1.61245
1.896	-1.61249
1.897	-1.61367
1.898	-1.61585
1.899	-1.61875
1.9	-1.622
1.901	-1.62518
1.902	-1.62788
1.903	-1.62973
1.904	-1.63049
1.905	-1.63005
1.906	-1.62846
1.907	-1.62591
1.908	-1.62273
1.909	-1.61933
1.91	-1.61614
1.911	-1.6136
1.912	-1.61203
1.913	-1.61165
1.914	-1.61251
1.915	-1.61453
1.916	-1.61744
1.917	-1.62087
1.918	-1.62439
1.919	-1.62753
1.92	-1.62988
1.921	-1.63113
1.922	-1.6311
1.923	-1.62978
1.924	-1.62734
1.925	-1.62408
1.926	-1.62041
1.927	-1.61682
1.928	-1.61377
1.929	-1.61166
1.93	-1.61078
1.931	-1.61125
1.932	-1.61304
1.933	-1.61591
1.934	-1.61951
1.935	-1.62337
1.936	-1.627
1.937	-1.62992
1.938	-1.63174
1.939	-1.63221
1.94	-1.63125
1.941	-1.62898
1.942	-1.62568
1.943	-1.62176
1.944	-1.61773
1.945	-1.61411
1.946	-1.61138
1.947	-1.6099
1.948	-1.60989
1.949	-1.61135
1.95	-1.61413
1.951	-1.61786
1.952	-1.62208
1.953	-1.62624
1.954	-1.6298
1.955	-1.63229
1.956	-1.63337
1.957	-1.63289
1.958	-1.63088
1.959	-1.62759
1.96	-1.62343
1.961	-1.61893
1.962	-1.61468
1.963	-1.61123
1.964	-1.60904
1.965	-1.60841
1.966	-1.60945
1.967	-1.61204
1.968	-1.61586
1.969	-1.62043
1.97	-1.62517
1.971	-1.62947
1.972	-1.63275
1.973	-1.63458
1.974	-1.63469
1.975	-1.63306
1.976	-1.62986
1.977	-1.6255
1.978	-1.62052
1.979	-1.61556
1.98	-1.61128
1.981	-1.60823
1.982	-1.60683
1.983	-1.60729
1.984	-1.60958
1.985	-1.61342
1.986	-1.61833
1.987	-1.6237
1.988	-1.62884
1.989	-1.63306
1.99	-1.6358
1.991	-1.63669
1.992	-1.63559
1.993	-1.63259
1.994	-1.62807
1.995	-1.6226
1.996	-1.61685
1.997	-1.61159
1.998	-1.6075
1.999	-1.60514
2	-1.60483
2.001	-1.60666
2.002	-1.61042
2.003	-1.61565
2.004	-1.6217
2.005	-1.6278
2.006	-1.63314
2.007	-1.63703
2.008	-1.63892
2.009	-1.63855
2.01	-1.63591
2.011	-1.63132
2.012	-1.62533
2.013	-1.6187
2.014	-1.61228
2.015	-1.60692
2.016	-1.60332
2.017	-1.60199
2.018	-1.60315
2.019	-1.60669
2.02	-1.61219
2.021	-1.61898
2.022	-1.6262
2.023	-1.63291
2.024	-1.63823
2.025	-1.64145
2.026	-1.64209
2.027	-1.64003
2.028	-1.63547
2.029	-1.62897
2.03	-1.62133
2.031	-1.61351
2.032	-1.60654
2.033	-1.60134
2.034	-1.59863
2.035	-1.59881
2.036	-1.60192
2.037	-1.60762
2.038	-1.61523
2.039	-1.62379
2.04	-1.63221
2.041	-1.63939
2.042	-1.64437
2.043	-1.64644
2.044	-1.64528
2.045	-1.64094
2.046	-1.63393
2.047	-1.62509
2.048	-1.61553
2.049	-1.60649
2.05	-1.59915
2.051	-1.59451
2.052	-1.59325
2.053	-1.59561
2.054	-1.60139
2.055	-1.60992
2.056	-1.62016
2.057	-1.63081
2.058	-1.6405
2.059	-1.64794
2.06	-1.65209
2.061	-1.65232
2.062	-1.64848
2.063	-1.64097
2.064	-1.63066
2.065	-1.61881
2.066	-1.60692
2.067	-1.59655
2.068	-1.5891
2.069	-1.58563
2.07	-1.58673
2.071	-1.59239
2.072	-1.60202
2.073	-1.6145
2.074	-1.62827
2.075	-1.64159
2.076	-1.65269
2.077	-1.66004
2.078	-1.66255
2.079	-1.65972
2.08	-1.65172
2.081	-1.63941
2.082	-1.62424
2.083	-1.6081
2.084	-1.59307
2.085	-1.58115
2.086	-1.57405
2.087	-1.57289
2.088	-1.57806
2.089	-1.58917
2.09	-1.605
2.091	-1.62368
2.092	-1.64288
2.093	-1.6601
2.094	-1.67297
2.095	-1.67959
2.096	-1.67878
2.097	-1.67028
2.098	-1.65482
2.099	-1.63408
2.1	-1.61051
2.101	-1.58707
2.102	-1.56689
2.103	-1.55281
2.104	-1.54707
2.105	-1.55093
2.106	-1.56449
2.107	-1.58657
2.108	-1.6148
2.109	-1.64584
2.11	-1.67574
2.111	-1.70044
2.112	-1.71624
2.113	-1.72031
2.114	-1.71116
2.115	-1.68889
2.116	-1.65534
2.117	-1.614
2.118	-1.5697
2.119	-1.52814
2.12	-1.49527
2.121	-1.47654
2.122	-1.47618
2.123	-1.49656
2.124	-1.53761
2.125	-1.5966
2.126	-1.66806
2.127	-1.74399
2.128	-1.81447
2.129	-1.86833
2.13	-1.89414
2.131	-1.88121
2.132	-1.82065
2.133	-1.70621
2.134	-1.53509
2.135	-1.30829
2.136	-1.0308
2.137	-0.711309
2.138	-0.361687
2.139	0.00390072
2.14	0.370036
2.141	0.721234
2.142	1.04313
2.143	1.32357
2.144	1.55348
2.145	1.72752
2.146	1.8443
2.147	1.90638
2.148	1.91979
2.149	1.89341
2.15	1.838
2.151	1.76521
2.152	1.68651
2.153	1.61219
2.154	1.5506
2.155	1.50756
2.156	1.48606
2.157	1.48629
2.158	1.50592
2.159	1.54059
2.16	1.58461
2.161	1.63174
2.162	1.6759
2.163	1.7119
2.164	1.73593
2.165	1.74594
2.166	1.74171
2.167	1.72476
2.168	1.69805
2.169	1.66555
2.17	1.63166
2.171	1.60068
2.172	1.5763
2.173	1.56119
2.174	1.55673
2.175	1.56289
2.176	1.57835
2.177	1.60072
2.178	1.62685
2.179	1.65329
2.18	1.6767
2.181	1.6943
2.182	1.70413
2.183	1.70529
2.184	1.698
2.185	1.68352
2.186	1.66397
2.187	1.64199
2.188	1.62045
2.189	1.60205
2.19	1.58897
2.191	1.58269
2.192	1.58375
2.193	1.59177
2.194	1.6055
2.195	1.62302
2.196	1.642
2.197	1.65999
2.198	1.67476
2.199	1.68454
2.2	1.68824
2.201	1.68558
2.202	1.67707
2.203	1.66397
2.204	1.64804
2.205	1.63139
2.206	1.61614
2.207	1.60418
2.208	1.59694
2.209	1.59522
2.21	1.59909
2.211	1.60792
2.212	1.62047
2.213	1.63507
2.214	1.64982
2.215	1.66284
2.216	1.67253
2.217	1.67773
2.218	1.67788
2.219	1.67308
2.22	1.66404
2.221	1.652
2.222	1.63855
2.223	1.62542
2.224	1.61428
2.225	1.60649
2.226	1.60298
2.227	1.60411
2.228	1.60964
2.229	1.61879
2.23	1.63033
2.231	1.64275
2.232	1.65446
2.233	1.66398
2.234	1.67015
2.235	1.67223
2.236	1.67004
2.237	1.66393
2.238	1.65474
2.239	1.64369
2.24	1.63221
2.241	1.62178
2.242	1.6137
2.243	1.60895
2.244	1.6081
2.245	1.61118
2.246	1.61775
2.247	1.62691
2.248	1.63747
2.249	1.64805
2.25	1.65732
2.251	1.66411
2.252	1.66759
2.253	1.66738
2.254	1.66354
2.255	1.65663
2.256	1.64755
2.257	1.6375
2.258	1.62776
2.259	1.61957
2.26	1.61396
2.261	1.6116
2.262	1.61275
2.263	1.61722
2.264	1.6244
2.265	1.63334
2.266	1.64288
2.267	1.6518
2.268	1.65897
2.269	1.66351
2.27	1.66485
2.271	1.66288
2.272	1.65787
