0	10.5467
0.001	10.3522
0.002	10.0887
0.003	9.77215
0.004	9.42218
0.005	9.06032
0.006	8.70813
0.007	8.38531
0.008	8.10803
0.009	7.88767
0.01	7.72998
0.011	7.63486
0.012	7.59672
0.013	7.60529
0.014	7.64688
0.015	7.70589
0.016	7.76647
0.017	7.81409
0.018	7.83687
0.019	7.82659
0.02	7.77928
0.021	7.6953
0.022	7.57897
0.023	7.43784
0.024	7.28158
0.025	7.1208
0.026	6.96577
0.027	6.82527
0.028	6.70574
0.029	6.6106
0.03	6.54013
0.031	6.49155
0.032	6.45958
0.033	6.43719
0.034	6.4165
0.035	6.38981
0.036	6.35049
0.037	6.29372
0.038	6.21702
0.039	6.12041
0.04	6.00635
0.041	5.87931
0.042	5.74517
0.043	5.61047
0.044	5.4816
0.045	5.36405
0.046	5.26176
0.047	5.17675
0.048	5.1089
0.049	5.05609
0.05	5.01451
0.051	4.97918
0.052	4.94458
0.053	4.90535
0.054	4.85691
0.055	4.796
0.056	4.72102
0.057	4.63213
0.058	4.5312
0.059	4.42152
0.06	4.30729
0.061	4.19314
0.062	4.08352
0.063	3.98213
0.064	3.89153
0.065	3.81287
0.066	3.74576
0.067	3.68838
0.068	3.63778
0.069	3.59026
0.07	3.54188
0.071	3.48893
0.072	3.42843
0.073	3.35846
0.074	3.27837
0.075	3.18887
0.076	3.09187
0.077	2.99022
0.078	2.88735
0.079	2.78682
0.08	2.69186
0.081	2.60501
0.082	2.52777
0.083	2.46045
0.084	2.40218
0.085	2.35102
0.086	2.30423
0.087	2.25862
0.088	2.21096
0.089	2.1584
0.09	2.09881
0.091	2.03101
0.092	1.95494
0.093	1.87162
0.094	1.78302
0.095	1.69181
0.096	1.601
0.097	1.51355
0.098	1.43206
0.099	1.35841
0.1	1.29356
0.101	1.23744
0.102	1.189
0.103	1.14632
0.104	1.10691
0.105	1.068
0.106	1.02685
0.107	0.981151
0.108	0.929247
0.109	0.870329
0.11	0.804512
0.111	0.732793
0.112	0.656897
0.113	0.579041
0.114	0.501642
0.115	0.427007
0.116	0.357043
0.117	0.293028
0.118	0.235465
0.119	0.184042
0.12	0.13769
0.121	0.094741
0.122	0.0531614
0.123	0.0108215
0.124	-0.0342231
0.125	-0.0834811
0.126	-0.137835
0.127	-0.197433
0.128	-0.261682
0.129	-0.32933
0.13	-0.398637
0.131	-0.467605
0.132	-0.53424
0.133	-0.596813
0.134	-0.654079
0.135	-0.705439
0.136	-0.751014
0.137	-0.79163
0.138	-0.828712
0.139	-0.864101
0.14	-0.899823
0.141	-0.937836
0.142	-0.979782
0.143	-1.02679
0.144	-1.07933
0.145	-1.13716
0.146	-1.1994
0.147	-1.26456
0.148	-1.33082
0.149	-1.39622
0.15	-1.45887
0.151	-1.51725
0.152	-1.57033
0.153	-1.61771
0.154	-1.65966
0.155	-1.69706
0.156	-1.73128
0.157	-1.76402
0.158	-1.79704
0.159	-1.83196
0.16	-1.87007
0.161	-1.91214
0.162	-1.95835
0.163	-2.00828
0.164	-2.06096
0.165	-2.11499
0.166	-2.16879
0.167	-2.22073
0.168	-2.2694
0.169	-2.3138
0.17	-2.35342
0.171	-2.38837
0.172	-2.41934
0.173	-2.44749
0.174	-2.47437
0.175	-2.50167
0.176	-2.53101
0.177	-2.56378
0.178	-2.6009
0.179	-2.64277
0.18	-2.68916
0.181	-2.73927
0.182	-2.79183
0.183	-2.84523
0.184	-2.89775
0.185	-2.94772
0.186	-2.99379
0.187	-3.03505
0.188	-3.07114
0.189	-3.10229
0.19	-3.12932
0.191	-3.15349
0.192	-3.17639
0.193	-3.19969
0.194	-3.22499
0.195	-3.25362
0.196	-3.28646
0.197	-3.32386
0.198	-3.36561
0.199	-3.41099
0.2	-3.45884
0.201	-3.50773
0.202	-3.55614
0.203	-3.60265
0.204	-3.64612
0.205	-3.68578
0.206	-3.72137
0.207	-3.75312
0.208	-3.78169
0.209	-3.80811
0.21	-3.8336
0.211	-3.8594
0.212	-3.88664
0.213	-3.91611
0.214	-3.94824
0.215	-3.98299
0.216	-4.01987
0.217	-4.058
0.218	-4.09624
0.219	-4.1333
0.22	-4.16796
0.221	-4.19921
0.222	-4.22636
0.223	-4.24916
0.224	-4.26784
0.225	-4.28308
0.226	-4.29594
0.227	-4.30773
0.228	-4.31984
0.229	-4.33363
0.23	-4.35022
0.231	-4.37038
0.232	-4.39446
0.233	-4.42236
0.234	-4.45354
0.235	-4.48713
0.236	-4.52203
0.237	-4.55706
0.238	-4.59112
0.239	-4.62333
0.24	-4.65314
0.241	-4.68039
0.242	-4.70532
0.243	-4.72854
0.244	-4.75091
0.245	-4.77347
0.246	-4.79723
0.247	-4.8231
0.248	-4.8517
0.249	-4.8833
0.25	-4.91778
0.251	-4.95462
0.252	-4.99297
0.253	-5.03176
0.254	-5.0698
0.255	-5.10597
0.256	-5.1393
0.257	-5.16916
0.258	-5.19527
0.259	-5.21778
0.26	-5.23722
0.261	-5.25446
0.262	-5.27056
0.263	-5.28668
0.264	-5.30393
0.265	-5.32318
0.266	-5.34505
0.267	-5.36976
0.268	-5.39714
0.269	-5.42666
0.27	-5.45751
0.271	-5.48868
0.272	-5.51915
0.273	-5.54796
0.274	-5.57437
0.275	-5.59795
0.276	-5.61862
0.277	-5.63666
0.278	-5.65268
0.279	-5.66751
0.28	-5.68211
0.281	-5.69743
0.282	-5.71428
0.283	-5.73321
0.284	-5.75446
0.285	-5.77789
0.286	-5.80303
0.287	-5.82913
0.288	-5.85521
0.289	-5.88027
0.29	-5.90335
0.291	-5.92369
0.292	-5.94086
0.293	-5.95476
0.294	-5.9657
0.295	-5.97435
0.296	-5.98165
0.297	-5.98876
0.298	-5.99683
0.299	-6.00696
0.3	-6.02
0.301	-6.03648
0.302	-6.05653
0.303	-6.07989
0.304	-6.10593
0.305	-6.13371
0.306	-6.16215
0.307	-6.19011
0.308	-6.21654
0.309	-6.24066
0.31	-6.26197
0.311	-6.28039
0.312	-6.2962
0.313	-6.31002
0.314	-6.32276
0.315	-6.33544
0.316	-6.3491
0.317	-6.36464
0.318	-6.38269
0.319	-6.40357
0.32	-6.42717
0.321	-6.45301
0.322	-6.4803
0.323	-6.50795
0.324	-6.53481
0.325	-6.5597
0.326	-6.58164
0.327	-6.59988
0.328	-6.61407
0.329	-6.62424
0.33	-6.63082
0.331	-6.63458
0.332	-6.63654
0.333	-6.63784
0.334	-6.63962
0.335	-6.64287
0.336	-6.64834
0.337	-6.65646
0.338	-6.66728
0.339	-6.68052
0.34	-6.69561
0.341	-6.71178
0.342	-6.72818
0.343	-6.744
0.344	-6.7586
0.345	-6.77159
0.346	-6.78289
0.347	-6.79276
0.348	-6.80175
0.349	-6.81064
0.35	-6.82035
0.351	-6.83179
0.352	-6.84576
0.353	-6.86283
0.354	-6.88323
0.355	-6.90686
0.356	-6.93324
0.357	-6.96157
0.358	-6.9908
0.359	-7.01977
0.36	-7.04733
0.361	-7.07247
0.362	-7.09442
0.363	-7.11277
0.364	-7.12748
0.365	-7.1389
0.366	-7.14773
0.367	-7.15489
0.368	-7.16148
0.369	-7.16857
0.37	-7.17711
0.371	-7.18781
0.372	-7.20107
0.373	-7.21689
0.374	-7.23495
0.375	-7.25458
0.376	-7.27491
0.377	-7.29493
0.378	-7.31366
0.379	-7.33024
0.38	-7.34408
0.381	-7.35487
0.382	-7.36269
0.383	-7.36795
0.384	-7.37136
0.385	-7.37383
0.386	-7.3764
0.387	-7.38004
0.388	-7.38563
0.389	-7.39378
0.39	-7.40482
0.391	-7.41874
0.392	-7.4352
0.393	-7.45361
0.394	-7.47319
0.395	-7.49309
0.396	-7.5125
0.397	-7.53074
0.398	-7.54735
0.399	-7.56218
0.4	-7.57533
0.401	-7.5872
0.402	-7.59839
0.403	-7.60962
0.404	-7.62162
0.405	-7.63504
0.406	-7.65033
0.407	-7.66769
0.408	-7.68703
0.409	-7.70795
0.41	-7.72979
0.411	-7.75171
0.412	-7.77279
0.413	-7.79213
0.414	-7.80895
0.415	-7.82273
0.416	-7.83324
0.417	-7.84058
0.418	-7.84519
0.419	-7.8478
0.42	-7.84935
0.421	-7.85089
0.422	-7.85345
0.423	-7.85796
0.424	-7.86512
0.425	-7.87533
0.426	-7.88869
0.427	-7.90494
0.428	-7.92354
0.429	-7.94373
0.43	-7.96462
0.431	-7.9853
0.432	-8.00493
0.433	-8.02285
0.434	-8.0386
0.435	-8.05202
0.436	-8.06316
0.437	-8.07235
0.438	-8.08003
0.439	-8.08675
0.44	-8.09304
0.441	-8.09935
0.442	-8.10597
0.443	-8.11299
0.444	-8.1203
0.445	-8.1276
0.446	-8.13445
0.447	-8.14034
0.448	-8.14477
0.449	-8.14733
0.45	-8.14779
0.451	-8.14613
0.452	-8.14258
0.453	-8.13758
0.454	-8.13181
0.455	-8.12604
0.456	-8.12111
0.457	-8.11782
0.458	-8.11682
0.459	-8.11856
0.46	-8.12321
0.461	-8.13068
0.462	-8.14057
0.463	-8.15229
0.464	-8.16505
0.465	-8.17802
0.466	-8.19036
0.467	-8.20136
0.468	-8.21052
0.469	-8.21754
0.47	-8.22243
0.471	-8.22544
0.472	-8.22703
0.473	-8.22783
0.474	-8.22852
0.475	-8.22978
0.476	-8.23216
0.477	-8.23607
0.478	-8.24168
0.479	-8.24893
0.48	-8.25753
0.481	-8.26703
0.482	-8.27685
0.483	-8.28636
0.484	-8.29499
0.485	-8.30228
0.486	-8.30794
0.487	-8.31188
0.488	-8.31425
0.489	-8.31537
0.49	-8.31572
0.491	-8.31587
0.492	-8.3164
0.493	-8.31783
0.494	-8.32055
0.495	-8.32479
0.496	-8.33057
0.497	-8.33773
0.498	-8.34594
0.499	-8.35476
0.5	-8.36369
0.501	-8.37225
0.502	-8.38007
0.503	-8.38689
0.504	-8.39265
0.505	-8.39747
0.506	-8.40165
0.507	-8.40561
0.508	-8.40986
0.509	-8.41492
0.51	-8.42123
0.511	-8.42912
0.512	-8.43872
0.513	-8.44999
0.514	-8.46265
0.515	-8.47627
0.516	-8.49027
0.517	-8.50401
0.518	-8.51685
0.519	-8.52825
0.52	-8.53781
0.521	-8.54533
0.522	-8.55084
0.523	-8.55458
0.524	-8.55699
0.525	-8.55865
0.526	-8.56023
0.527	-8.56238
0.528	-8.5657
0.529	-8.57065
0.53	-8.57749
0.531	-8.5863
0.532	-8.59694
0.533	-8.60908
0.534	-8.62229
0.535	-8.63603
0.536	-8.64977
0.537	-8.66302
0.538	-8.67541
0.539	-8.68668
0.54	-8.69677
0.541	-8.70573
0.542	-8.71375
0.543	-8.72107
0.544	-8.72798
0.545	-8.73473
0.546	-8.74149
0.547	-8.7483
0.548	-8.75511
0.549	-8.76169
0.55	-8.76776
0.551	-8.77294
0.552	-8.77686
0.553	-8.7792
0.554	-8.77973
0.555	-8.77839
0.556	-8.77524
0.557	-8.77056
0.558	-8.76476
0.559	-8.75836
0.56	-8.75194
0.561	-8.74609
0.562	-8.74132
0.563	-8.73801
0.564	-8.73638
0.565	-8.73645
0.566	-8.73805
0.567	-8.74086
0.568	-8.74443
0.569	-8.74826
0.57	-8.75185
0.571	-8.75478
0.572	-8.75677
0.573	-8.7577
0.574	-8.75766
0.575	-8.75689
0.576	-8.75582
0.577	-8.75496
0.578	-8.75484
0.579	-8.75599
0.58	-8.75882
0.581	-8.7636
0.582	-8.77038
0.583	-8.77905
0.584	-8.78928
0.585	-8.8006
0.586	-8.81245
0.587	-8.82422
0.588	-8.83535
0.589	-8.84538
0.59	-8.854
0.591	-8.86108
0.592	-8.86668
0.593	-8.87102
0.594	-8.87444
0.595	-8.87736
0.596	-8.88018
0.597	-8.88327
0.598	-8.88685
0.599	-8.89101
0.6	-8.89564
0.601	-8.90049
0.602	-8.90515
0.603	-8.90916
0.604	-8.91203
0.605	-8.91334
0.606	-8.91278
0.607	-8.91025
0.608	-8.90583
0.609	-8.89984
0.61	-8.89278
0.611	-8.88532
0.612	-8.87818
0.613	-8.8721
0.614	-8.86776
0.615	-8.86565
0.616	-8.86606
0.617	-8.86904
0.618	-8.87438
0.619	-8.88164
0.62	-8.8902
0.621	-8.89935
0.622	-8.90835
0.623	-8.91652
0.624	-8.92333
0.625	-8.92845
0.626	-8.93178
0.627	-8.93348
0.628	-8.93389
0.629	-8.93353
0.63	-8.93301
0.631	-8.93295
0.632	-8.93388
0.633	-8.9362
0.634	-8.94009
0.635	-8.94554
0.636	-8.9523
0.637	-8.95995
0.638	-8.96792
0.639	-8.97563
0.64	-8.98253
0.641	-8.98815
0.642	-8.99224
0.643	-8.99477
0.644	-8.99593
0.645	-8.99615
0.646	-8.99602
0.647	-8.99626
0.648	-8.99758
0.649	-9.00064
0.65	-9.00594
0.651	-9.01376
0.652	-9.02413
0.653	-9.03682
0.654	-9.05134
0.655	-9.06704
0.656	-9.08314
0.657	-9.09887
0.658	-9.11351
0.659	-9.12651
0.66	-9.13756
0.661	-9.1466
0.662	-9.15381
0.663	-9.15962
0.664	-9.16463
0.665	-9.1695
0.666	-9.17488
0.667	-9.18134
0.668	-9.18922
0.669	-9.19863
0.67	-9.20939
0.671	-9.22107
0.672	-9.233
0.673	-9.24436
0.674	-9.25427
0.675	-9.26191
0.676	-9.26657
0.677	-9.26781
0.678	-9.26543
0.679	-9.25956
0.68	-9.25058
0.681	-9.23915
0.682	-9.22603
0.683	-9.21204
0.684	-9.19794
0.685	-9.18429
0.686	-9.1714
0.687	-9.15928
0.688	-9.14758
0.689	-9.13568
0.69	-9.12268
0.691	-9.10758
0.692	-9.08932
0.693	-9.06696
0.694	-9.03976
0.695	-9.00731
0.696	-8.96954
0.697	-8.92679
0.698	-8.87975
0.699	-8.82941
0.7	-8.77694
0.701	-8.72358
0.702	-8.67053
0.703	-8.61876
0.704	-8.569
0.705	-8.52158
0.706	-8.47649
0.707	-8.43334
0.708	-8.39144
0.709	-8.34993
0.71	-8.30786
0.711	-8.26432
0.712	-8.21859
0.713	-8.17021
0.714	-8.11905
0.715	-8.06533
0.716	-8.00959
0.717	-7.95263
0.718	-7.8954
0.719	-7.8389
0.72	-7.784
0.721	-7.73138
0.722	-7.68141
0.723	-7.63405
0.724	-7.58892
0.725	-7.54525
0.726	-7.50199
0.727	-7.45791
0.728	-7.41173
0.729	-7.36223
0.73	-7.30843
0.731	-7.24961
0.732	-7.18547
0.733	-7.11606
0.734	-7.04183
0.735	-6.96353
0.736	-6.88212
0.737	-6.79865
0.738	-6.71413
0.739	-6.62945
0.74	-6.54524
0.741	-6.46182
0.742	-6.3792
0.743	-6.29711
0.744	-6.21502
0.745	-6.13228
0.746	-6.04818
0.747	-5.96212
0.748	-5.87364
0.749	-5.78259
0.75	-5.68908
0.751	-5.59354
0.752	-5.49667
0.753	-5.39936
0.754	-5.3026
0.755	-5.20735
0.756	-5.11445
0.757	-5.02447
0.758	-4.93771
0.759	-4.85408
0.76	-4.77317
0.761	-4.69426
0.762	-4.6164
0.763	-4.53852
0.764	-4.45957
0.765	-4.37863
0.766	-4.29499
0.767	-4.2083
0.768	-4.11851
0.769	-4.02597
0.77	-3.93133
0.771	-3.8355
0.772	-3.73952
0.773	-3.64444
0.774	-3.55124
0.775	-3.46068
0.776	-3.37326
0.777	-3.28915
0.778	-3.20819
0.779	-3.12993
0.78	-3.0537
0.781	-2.97868
0.782	-2.90404
0.783	-2.82902
0.784	-2.75302
0.785	-2.6757
0.786	-2.59699
0.787	-2.51709
0.788	-2.43647
0.789	-2.35577
0.79	-2.27573
0.791	-2.1971
0.792	-2.12053
0.793	-2.04651
0.794	-1.97531
0.795	-1.90693
0.796	-1.84113
0.797	-1.77744
0.798	-1.71524
0.799	-1.65385
0.8	-1.59259
0.801	-1.53086
0.802	-1.46823
0.803	-1.40449
0.804	-1.33965
0.805	-1.2739
0.806	-1.20764
0.807	-1.14137
0.808	-1.0756
0.809	-1.01084
0.81	-0.947444
0.811	-0.88561
0.812	-0.825332
0.813	-0.76639
0.814	-0.708377
0.815	-0.650748
0.816	-0.592884
0.817	-0.534166
0.818	-0.474058
0.819	-0.412169
0.82	-0.348307
0.821	-0.2825
0.822	-0.215002
0.823	-0.146261
0.824	-0.07687
0.825	-0.00750293
0.826	0.0611615
0.827	0.128512
0.828	0.194066
0.829	0.257517
0.83	0.318756
0.831	0.37787
0.832	0.435116
0.833	0.490876
0.834	0.5456
0.835	0.599747
0.836	0.653719
0.837	0.707823
0.838	0.762231
0.839	0.816977
0.84	0.871967
0.841	0.927007
0.842	0.981851
0.843	1.03625
0.844	1.09001
0.845	1.14301
0.846	1.19529
0.847	1.24698
0.848	1.29836
0.849	1.34979
0.85	1.4017
0.851	1.45448
0.852	1.50848
0.853	1.56392
0.854	1.62088
0.855	1.67924
0.856	1.73873
0.857	1.79892
0.858	1.85924
0.859	1.91912
0.86	1.97797
0.861	2.03526
0.862	2.09064
0.863	2.14389
0.864	2.195
0.865	2.24416
0.866	2.29169
0.867	2.33807
0.868	2.38379
0.869	2.42939
0.87	2.47529
0.871	2.52182
0.872	2.56914
0.873	2.61725
0.874	2.66597
0.875	2.71499
0.876	2.76393
0.877	2.81237
0.878	2.85992
0.879	2.90628
0.88	2.95128
0.881	2.99489
0.882	3.03727
0.883	3.07867
0.884	3.11949
0.885	3.16012
0.886	3.20098
0.887	3.24239
0.888	3.28455
0.889	3.3275
0.89	3.37109
0.891	3.41504
0.892	3.45891
0.893	3.5022
0.894	3.54438
0.895	3.58498
0.896	3.62364
0.897	3.66016
0.898	3.69454
0.899	3.72698
0.9	3.75783
0.901	3.78761
0.902	3.81692
0.903	3.84633
0.904	3.87639
0.905	3.9075
0.906	3.93989
0.907	3.97358
0.908	4.00841
0.909	4.04403
0.91	4.07998
0.911	4.11571
0.912	4.15072
0.913	4.18459
0.914	4.21703
0.915	4.24795
0.916	4.27748
0.917	4.30593
0.918	4.33378
0.919	4.36163
0.92	4.39008
0.921	4.41971
0.922	4.45095
0.923	4.48406
0.924	4.51908
0.925	4.5558
0.926	4.5938
0.927	4.6325
0.928	4.67119
0.929	4.70917
0.93	4.74578
0.931	4.78051
0.932	4.81306
0.933	4.84335
0.934	4.87157
0.935	4.89813
0.936	4.92361
0.937	4.94867
0.938	4.97402
0.939	5.00027
0.94	5.02788
0.941	5.05711
0.942	5.08797
0.943	5.12022
0.944	5.15343
0.945	5.18698
0.946	5.22021
0.947	5.25245
0.948	5.28316
0.949	5.31194
0.95	5.33867
0.951	5.36345
0.952	5.38666
0.953	5.40887
0.954	5.43081
0.955	5.45324
0.956	5.47691
0.957	5.50241
0.958	5.53015
0.959	5.56026
0.96	5.59258
0.961	5.62669
0.962	5.66197
0.963	5.69763
0.964	5.73283
0.965	5.76677
0.966	5.79881
0.967	5.8285
0.968	5.85566
0.969	5.8804
0.97	5.90307
0.971	5.92423
0.972	5.94457
0.973	5.96479
0.974	5.98555
0.975	6.00733
0.976	6.03039
0.977	6.05472
0.978	6.08003
0.979	6.1058
0.98	6.13134
0.981	6.15586
0.982	6.17858
0.983	6.19887
0.984	6.21629
0.985	6.23068
0.986	6.24219
0.987	6.2513
0.988	6.25873
0.989	6.2654
0.99	6.27232
0.991	6.28048
0.992	6.29072
0.993	6.30366
0.994	6.31963
0.995	6.3386
0.996	6.36025
0.997	6.38395
0.998	6.40888
0.999	6.43413
1	6.45881
1.001	6.48214
1.002	6.50359
1.003	6.52293
1.004	6.54021
1.005	6.55584
1.006	6.57044
1.007	6.58485
1.008	6.59992
1.009	6.61651
1.01	6.63526
1.011	6.65659
1.012	6.6806
1.013	6.70706
1.014	6.73543
1.015	6.76491
1.016	6.79455
1.017	6.82335
1.018	6.85039
1.019	6.87494
1.02	6.89654
1.021	6.91508
1.022	6.93077
1.023	6.94415
1.024	6.95602
1.025	6.96732
1.026	6.97901
1.027	6.99198
1.028	7.00691
1.029	7.02418
1.03	7.04383
1.031	7.06559
1.032	7.08882
1.033	7.1127
1.034	7.13626
1.035	7.15853
1.036	7.17865
1.037	7.19602
1.038	7.21033
1.039	7.22167
1.04	7.23044
1.041	7.23741
1.042	7.24356
1.043	7.24998
1.044	7.25777
1.045	7.26788
1.046	7.281
1.047	7.2975
1.048	7.31735
1.049	7.34013
1.05	7.36511
1.051	7.3913
1.052	7.41758
1.053	7.44283
1.054	7.46604
1.055	7.48647
1.056	7.50368
1.057	7.51758
1.058	7.52846
1.059	7.53691
1.06	7.54371
1.061	7.54979
1.062	7.55603
1.063	7.56318
1.064	7.57174
1.065	7.5819
1.066	7.59354
1.067	7.60618
1.068	7.61911
1.069	7.63146
1.07	7.6423
1.071	7.65081
1.072	7.65637
1.073	7.65867
1.074	7.65775
1.075	7.65407
1.076	7.64841
1.077	7.64185
1.078	7.63563
1.079	7.63102
1.08	7.62922
1.081	7.63117
1.082	7.63749
1.083	7.64842
1.084	7.66377
1.085	7.68295
1.086	7.70507
1.087	7.72903
1.088	7.75364
1.089	7.77778
1.09	7.8005
1.091	7.82113
1.092	7.83935
1.093	7.85521
1.094	7.86907
1.095	7.88157
1.096	7.89355
1.097	7.90585
1.098	7.91927
1.099	7.93441
1.1	7.9516
1.101	7.97087
1.102	7.99188
1.103	8.01405
1.104	8.03656
1.105	8.05846
1.106	8.07883
1.107	8.09686
1.108	8.11196
1.109	8.12382
1.11	8.13249
1.111	8.13831
1.112	8.14193
1.113	8.14419
1.114	8.146
1.115	8.14828
1.116	8.1518
1.117	8.15709
1.118	8.16441
1.119	8.1737
1.12	8.18459
1.121	8.1965
1.122	8.20865
1.123	8.22024
1.124	8.23054
1.125	8.23896
1.126	8.2452
1.127	8.24925
1.128	8.2514
1.129	8.25224
1.13	8.25258
1.131	8.25334
1.132	8.25545
1.133	8.25974
1.134	8.2668
1.135	8.27697
1.136	8.29022
1.137	8.3062
1.138	8.32427
1.139	8.34355
1.14	8.36304
1.141	8.38174
1.142	8.39877
1.143	8.41345
1.144	8.42537
1.145	8.43446
1.146	8.44096
1.147	8.44539
1.148	8.44847
1.149	8.45102
1.15	8.45384
1.151	8.45766
1.152	8.46295
1.153	8.46997
1.154	8.47867
1.155	8.48874
1.156	8.49965
1.157	8.51073
1.158	8.52129
1.159	8.53068
1.16	8.53842
1.161	8.54427
1.162	8.54824
1.163	8.55065
1.164	8.55203
1.165	8.55312
1.166	8.55472
1.167	8.55762
1.168	8.56247
1.169	8.56974
1.17	8.5796
1.171	8.59191
1.172	8.60626
1.173	8.62199
1.174	8.63827
1.175	8.65423
1.176	8.66905
1.177	8.68207
1.178	8.69286
1.179	8.70132
1.18	8.70763
1.181	8.7123
1.182	8.71604
1.183	8.71969
1.184	8.72415
1.185	8.73019
1.186	8.73839
1.187	8.74906
1.188	8.7622
1.189	8.77745
1.19	8.7942
1.191	8.8116
1.192	8.8287
1.193	8.84456
1.194	8.85837
1.195	8.86956
1.196	8.87786
1.197	8.88333
1.198	8.88639
1.199	8.88772
1.2	8.88821
1.201	8.88883
1.202	8.89052
1.203	8.89407
1.204	8.89999
1.205	8.90849
1.206	8.91943
1.207	8.93234
1.208	8.94648
1.209	8.96097
1.21	8.97485
1.211	8.98726
1.212	8.99751
1.213	9.00522
1.214	9.01031
1.215	9.01307
1.216	9.0141
1.217	9.0142
1.218	9.01433
1.219	9.0154
1.22	9.01822
1.221	9.02334
1.222	9.03098
1.223	9.04099
1.224	9.05288
1.225	9.06586
1.226	9.07892
1.227	9.091
1.228	9.10108
1.229	9.10837
1.23	9.11236
1.231	9.11293
1.232	9.11039
1.233	9.10542
1.234	9.09901
1.235	9.09236
1.236	9.08672
1.237	9.08323
1.238	9.08283
1.239	9.08607
1.24	9.09311
1.241	9.10366
1.242	9.11705
1.243	9.13228
1.244	9.14818
1.245	9.16353
1.246	9.17724
1.247	9.18848
1.248	9.19677
1.249	9.20208
1.25	9.20477
1.251	9.2056
1.252	9.20558
1.253	9.20584
1.254	9.20752
1.255	9.21151
1.256	9.21842
1.257	9.22844
1.258	9.24128
1.259	9.25625
1.26	9.27226
1.261	9.28804
1.262	9.30223
1.263	9.31356
1.264	9.32107
1.265	9.32419
1.266	9.32286
1.267	9.31752
1.268	9.30912
1.269	9.29896
1.27	9.2886
1.271	9.27962
1.272	9.27345
1.273	9.27122
1.274	9.27356
1.275	9.2806
1.276	9.29187
1.277	9.30642
1.278	9.32292
1.279	9.33983
1.28	9.35559
1.281	9.36883
1.282	9.37858
1.283	9.38434
1.284	9.3862
1.285	9.38481
1.286	9.38133
1.287	9.37725
1.288	9.37422
1.289	9.37381
1.29	9.37732
1.291	9.3856
1.292	9.39888
1.293	9.41677
1.294	9.43825
1.295	9.4618
1.296	9.48557
1.297	9.50757
1.298	9.52597
1.299	9.5393
1.3	9.54662
1.301	9.5477
1.302	9.543
1.303	9.53368
1.304	9.52145
1.305	9.50833
1.306	9.49648
1.307	9.48784
1.308	9.48399
1.309	9.48585
1.31	9.49365
1.311	9.50682
1.312	9.52411
1.313	9.54375
1.314	9.56363
1.315	9.58161
1.316	9.5958
1.317	9.60479
1.318	9.60788
1.319	9.60514
1.32	9.59746
1.321	9.58645
1.322	9.57419
1.323	9.56305
1.324	9.55532
1.325	9.55294
1.326	9.55723
1.327	9.56867
1.328	9.58684
1.329	9.61042
1.33	9.63733
1.331	9.66496
1.332	9.6905
1.333	9.71126
1.334	9.72503
1.335	9.73033
1.336	9.72667
1.337	9.71459
1.338	9.69563
1.339	9.67216
1.34	9.64711
1.341	9.6236
1.342	9.60458
1.343	9.59242
1.344	9.58864
1.345	9.59367
1.346	9.6068
1.347	9.62621
1.348	9.64924
1.349	9.67263
1.35	9.69299
1.351	9.70719
1.352	9.71279
1.353	9.70836
1.354	9.69368
1.355	9.66983
1.356	9.63905
1.357	9.60455
1.358	9.57007
1.359	9.53945
1.36	9.51619
1.361	9.50293
1.362	9.50115
1.363	9.51093
1.364	9.53095
1.365	9.55858
1.366	9.5902
1.367	9.62166
1.368	9.64881
1.369	9.668
1.37	9.67661
1.371	9.67345
1.372	9.65889
1.373	9.63498
1.374	9.60517
1.375	9.57397
1.376	9.5464
1.377	9.52738
1.378	9.52106
1.379	9.53029
1.38	9.55617
1.381	9.59784
1.382	9.65245
1.383	9.71545
1.384	9.78105
1.385	9.84288
1.386	9.89474
1.387	9.93136
1.388	9.9491
1.389	9.94643
1.39	9.92426
1.391	9.88586
1.392	9.8366
1.393	9.78335
1.394	9.73368
1.395	9.69496
1.396	9.67336
1.397	9.67305
1.398	9.69552
1.399	9.73921
1.4	9.79951
1.401	9.86909
1.402	9.93864
1.403	9.99782
1.404	10.0365
1.405	10.0458
1.406	10.0196
1.407	9.95519
1.408	9.85389
1.409	9.72141
1.41	9.56744
1.411	9.40497
1.412	9.24915
1.413	9.1158
1.414	9.01992
1.415	8.97397
1.416	8.98653
1.417	9.06119
1.418	9.19583
1.419	9.38259
1.42	9.60824
1.421	9.85522
1.422	10.1031
1.423	10.3301
1.424	10.5154
1.425	10.6408
1.426	10.6924
1.427	10.6617
1.428	10.5467
1.429	10.3522
1.43	10.0887
1.431	9.77215
1.432	9.42218
1.433	9.06032
1.434	8.70813
1.435	8.38531
1.436	8.10803
1.437	7.88767
1.438	7.72998
1.439	7.63486
1.44	7.59672
1.441	7.60529
1.442	7.64688
1.443	7.70589
1.444	7.76647
1.445	7.81409
1.446	7.83687
1.447	7.82659
1.448	7.77928
1.449	7.6953
1.45	7.57897
1.451	7.43784
1.452	7.28158
1.453	7.1208
1.454	6.96577
1.455	6.82527
1.456	6.70574
1.457	6.6106
1.458	6.54013
1.459	6.49155
1.46	6.45958
1.461	6.43719
1.462	6.4165
1.463	6.38981
1.464	6.35049
1.465	6.29372
1.466	6.21702
1.467	6.12041
1.468	6.00635
1.469	5.87931
1.47	5.74517
1.471	5.61047
1.472	5.4816
1.473	5.36405
1.474	5.26176
1.475	5.17675
1.476	5.1089
1.477	5.05609
1.478	5.01451
1.479	4.97918
1.48	4.94458
1.481	4.90535
1.482	4.85691
1.483	4.796
1.484	4.72102
1.485	4.63213
1.486	4.5312
1.487	4.42152
1.488	4.30729
1.489	4.19314
1.49	4.08352
1.491	3.98213
1.492	3.89153
1.493	3.81287
1.494	3.74576
1.495	3.68838
1.496	3.63778
1.497	3.59026
1.498	3.54188
1.499	3.48893
1.5	3.42843
1.501	3.35846
1.502	3.27837
1.503	3.18887
1.504	3.09187
1.505	2.99022
1.506	2.88735
1.507	2.78682
1.508	2.69186
1.509	2.60501
1.51	2.52777
1.511	2.46045
1.512	2.40218
1.513	2.35102
1.514	2.30423
1.515	2.25862
1.516	2.21096
1.517	2.1584
1.518	2.09881
1.519	2.03101
1.52	1.95494
1.521	1.87162
1.522	1.78302
1.523	1.69181
1.524	1.601
1.525	1.51355
1.526	1.43206
1.527	1.35841
1.528	1.29356
1.529	1.23744
1.53	1.189
1.531	1.14632
1.532	1.10691
1.533	1.068
1.534	1.02685
1.535	0.981151
1.536	0.929247
1.537	0.870329
1.538	0.804512
1.539	0.732793
1.54	0.656897
1.541	0.579041
1.542	0.501642
1.543	0.427007
1.544	0.357043
1.545	0.293028
1.546	0.235465
1.547	0.184042
1.548	0.13769
1.549	0.094741
1.55	0.0531614
1.551	0.0108215
1.552	-0.0342231
1.553	-0.0834811
1.554	-0.137835
1.555	-0.197433
1.556	-0.261682
1.557	-0.32933
1.558	-0.398637
1.559	-0.467605
1.56	-0.53424
1.561	-0.596813
1.562	-0.654079
1.563	-0.705439
1.564	-0.751014
1.565	-0.79163
1.566	-0.828712
1.567	-0.864101
1.568	-0.899823
1.569	-0.937836
1.57	-0.979782
1.571	-1.02679
1.572	-1.07933
1.573	-1.13716
1.574	-1.1994
1.575	-1.26456
1.576	-1.33082
1.577	-1.39622
1.578	-1.45887
1.579	-1.51725
1.58	-1.57033
1.581	-1.61771
1.582	-1.65966
1.583	-1.69706
1.584	-1.73128
1.585	-1.76402
1.586	-1.79704
1.587	-1.83196
1.588	-1.87007
1.589	-1.91214
1.59	-1.95835
1.591	-2.00828
1.592	-2.06096
1.593	-2.11499
1.594	-2.16879
1.595	-2.22073
1.596	-2.2694
1.597	-2.3138
1.598	-2.35342
1.599	-2.38837
1.6	-2.41934
1.601	-2.44749
1.602	-2.47437
1.603	-2.50167
1.604	-2.53101
1.605	-2.56378
1.606	-2.6009
1.607	-2.64277
1.608	-2.68916
1.609	-2.73927
1.61	-2.79183
1.611	-2.84523
1.612	-2.89775
1.613	-2.94772
1.614	-2.99379
1.615	-3.03505
1.616	-3.07114
1.617	-3.10229
1.618	-3.12932
1.619	-3.15349
1.62	-3.17639
1.621	-3.19969
1.622	-3.22499
1.623	-3.25362
1.624	-3.28646
1.625	-3.32386
1.626	-3.36561
1.627	-3.41099
1.628	-3.45884
1.629	-3.50773
1.63	-3.55614
1.631	-3.60265
1.632	-3.64612
1.633	-3.68578
1.634	-3.72137
1.635	-3.75312
1.636	-3.78169
1.637	-3.80811
1.638	-3.8336
1.639	-3.8594
1.64	-3.88664
1.641	-3.91611
1.642	-3.94824
1.643	-3.98299
1.644	-4.01987
1.645	-4.058
1.646	-4.09624
1.647	-4.1333
1.648	-4.16796
1.649	-4.19921
1.65	-4.22636
1.651	-4.24916
1.652	-4.26784
1.653	-4.28308
1.654	-4.29594
1.655	-4.30773
1.656	-4.31984
1.657	-4.33363
1.658	-4.35022
1.659	-4.37038
1.66	-4.39446
1.661	-4.42236
1.662	-4.45354
1.663	-4.48713
1.664	-4.52203
1.665	-4.55706
1.666	-4.59112
1.667	-4.62333
1.668	-4.65314
1.669	-4.68039
1.67	-4.70532
1.671	-4.72854
1.672	-4.75091
1.673	-4.77347
1.674	-4.79723
1.675	-4.8231
1.676	-4.8517
1.677	-4.8833
1.678	-4.91778
1.679	-4.95462
1.68	-4.99297
1.681	-5.03176
1.682	-5.0698
1.683	-5.10597
1.684	-5.1393
1.685	-5.16916
1.686	-5.19527
1.687	-5.21778
1.688	-5.23722
1.689	-5.25446
1.69	-5.27056
1.691	-5.28668
1.692	-5.30393
1.693	-5.32318
1.694	-5.34505
1.695	-5.36976
1.696	-5.39714
1.697	-5.42666
1.698	-5.45751
1.699	-5.48868
1.7	-5.51915
1.701	-5.54796
1.702	-5.57437
1.703	-5.59795
1.704	-5.61862
1.705	-5.63666
1.706	-5.65268
1.707	-5.66751
1.708	-5.68211
1.709	-5.69743
1.71	-5.71428
1.711	-5.73321
1.712	-5.75446
1.713	-5.77789
1.714	-5.80303
1.715	-5.82913
1.716	-5.85521
1.717	-5.88027
1.718	-5.90335
1.719	-5.92369
1.72	-5.94086
1.721	-5.95476
1.722	-5.9657
1.723	-5.97435
1.724	-5.98165
1.725	-5.98876
1.726	-5.99683
1.727	-6.00696
1.728	-6.02
1.729	-6.03648
1.73	-6.05653
1.731	-6.07989
1.732	-6.10593
1.733	-6.13371
1.734	-6.16215
1.735	-6.19011
1.736	-6.21654
1.737	-6.24066
1.738	-6.26197
1.739	-6.28039
1.74	-6.2962
1.741	-6.31002
1.742	-6.32276
1.743	-6.33544
1.744	-6.3491
1.745	-6.36464
1.746	-6.38269
1.747	-6.40357
1.748	-6.42717
1.749	-6.45301
1.75	-6.4803
1.751	-6.50795
1.752	-6.53481
1.753	-6.5597
1.754	-6.58164
1.755	-6.59988
1.756	-6.61407
1.757	-6.62424
1.758	-6.63082
1.759	-6.63458
1.76	-6.63654
1.761	-6.63784
1.762	-6.63962
1.763	-6.64287
1.764	-6.64834
1.765	-6.65646
1.766	-6.66728
1.767	-6.68052
1.768	-6.69561
1.769	-6.71178
1.77	-6.72818
1.771	-6.744
1.772	-6.7586
1.773	-6.77159
1.774	-6.78289
1.775	-6.79276
1.776	-6.80175
1.777	-6.81064
1.778	-6.82035
1.779	-6.83179
1.78	-6.84576
1.781	-6.86283
1.782	-6.88323
1.783	-6.90686
1.784	-6.93324
1.785	-6.96157
1.786	-6.9908
1.787	-7.01977
1.788	-7.04733
1.789	-7.07247
1.79	-7.09442
1.791	-7.11277
1.792	-7.12748
1.793	-7.1389
1.794	-7.14773
1.795	-7.15489
1.796	-7.16148
1.797	-7.16857
1.798	-7.17711
1.799	-7.18781
1.8	-7.20107
1.801	-7.21689
1.802	-7.23495
1.803	-7.25458
1.804	-7.27491
1.805	-7.29493
1.806	-7.31366
1.807	-7.33024
1.808	-7.34408
1.809	-7.35487
1.81	-7.36269
1.811	-7.36795
1.812	-7.37136
1.813	-7.37383
1.814	-7.3764
1.815	-7.38004
1.816	-7.38563
1.817	-7.39378
1.818	-7.40482
1.819	-7.41874
1.82	-7.4352
1.821	-7.45361
1.822	-7.47319
1.823	-7.49309
1.824	-7.5125
1.825	-7.53074
1.826	-7.54735
1.827	-7.56218
1.828	-7.57533
1.829	-7.5872
1.83	-7.59839
1.831	-7.60962
1.832	-7.62162
1.833	-7.63504
1.834	-7.65033
1.835	-7.66769
1.836	-7.68703
1.837	-7.70795
1.838	-7.72979
1.839	-7.75171
1.84	-7.77279
1.841	-7.79213
1.842	-7.80895
1.843	-7.82273
1.844	-7.83324
1.845	-7.84058
1.846	-7.84519
1.847	-7.8478
1.848	-7.84935
1.849	-7.85089
1.85	-7.85345
1.851	-7.85796
1.852	-7.86512
1.853	-7.87533
1.854	-7.88869
1.855	-7.90494
1.856	-7.92354
1.857	-7.94373
1.858	-7.96462
1.859	-7.9853
1.86	-8.00493
1.861	-8.02285
1.862	-8.0386
1.863	-8.05202
1.864	-8.06316
1.865	-8.07235
1.866	-8.08003
1.867	-8.08675
1.868	-8.09304
1.869	-8.09935
1.87	-8.10597
1.871	-8.11299
1.872	-8.1203
1.873	-8.1276
1.874	-8.13445
1.875	-8.14034
1.876	-8.14477
1.877	-8.14733
1.878	-8.14779
1.879	-8.14613
1.88	-8.14258
1.881	-8.13758
1.882	-8.13181
1.883	-8.12604
1.884	-8.12111
1.885	-8.11782
1.886	-8.11682
1.887	-8.11856
1.888	-8.12321
1.889	-8.13068
1.89	-8.14057
1.891	-8.15229
1.892	-8.16505
1.893	-8.17802
1.894	-8.19036
1.895	-8.20136
1.896	-8.21052
1.897	-8.21754
1.898	-8.22243
1.899	-8.22544
1.9	-8.22703
1.901	-8.22783
1.902	-8.22852
1.903	-8.22978
1.904	-8.23216
1.905	-8.23607
1.906	-8.24168
1.907	-8.24893
1.908	-8.25753
1.909	-8.26703
1.91	-8.27685
1.911	-8.28636
1.912	-8.29499
1.913	-8.30228
1.914	-8.30794
1.915	-8.31188
1.916	-8.31425
1.917	-8.31537
1.918	-8.31572
1.919	-8.31587
1.92	-8.3164
1.921	-8.31783
1.922	-8.32055
1.923	-8.32479
1.924	-8.33057
1.925	-8.33773
1.926	-8.34594
1.927	-8.35476
1.928	-8.36369
1.929	-8.37225
1.93	-8.38007
1.931	-8.38689
1.932	-8.39265
1.933	-8.39747
1.934	-8.40165
1.935	-8.40561
1.936	-8.40986
1.937	-8.41492
1.938	-8.42123
1.939	-8.42912
1.94	-8.43872
1.941	-8.44999
1.942	-8.46265
1.943	-8.47627
1.944	-8.49027
1.945	-8.50401
1.946	-8.51685
1.947	-8.52825
1.948	-8.53781
1.949	-8.54533
1.95	-8.55084
1.951	-8.55458
1.952	-8.55699
1.953	-8.55865
1.954	-8.56023
1.955	-8.56238
1.956	-8.5657
1.957	-8.57065
1.958	-8.57749
1.959	-8.5863
1.96	-8.59694
1.961	-8.60908
1.962	-8.62229
1.963	-8.63603
1.964	-8.64977
1.965	-8.66302
1.966	-8.67541
1.967	-8.68668
1.968	-8.69677
1.969	-8.70573
1.97	-8.71375
1.971	-8.72107
1.972	-8.72798
1.973	-8.73473
1.974	-8.74149
1.975	-8.7483
1.976	-8.75511
1.977	-8.76169
1.978	-8.76776
1.979	-8.77294
1.98	-8.77686
1.981	-8.7792
1.982	-8.77973
1.983	-8.77839
1.984	-8.77524
1.985	-8.77056
1.986	-8.76476
1.987	-8.75836
1.988	-8.75194
1.989	-8.74609
1.99	-8.74132
1.991	-8.73801
1.992	-8.73638
1.993	-8.73645
1.994	-8.73805
1.995	-8.74086
1.996	-8.74443
1.997	-8.74826
1.998	-8.75185
1.999	-8.75478
2	-8.75677
2.001	-8.7577
2.002	-8.75766
2.003	-8.75689
2.004	-8.75582
2.005	-8.75496
2.006	-8.75484
2.007	-8.75599
2.008	-8.75882
2.009	-8.7636
2.01	-8.77038
2.011	-8.77905
2.012	-8.78928
2.013	-8.8006
2.014	-8.81245
2.015	-8.82422
2.016	-8.83535
2.017	-8.84538
2.018	-8.854
2.019	-8.86108
2.02	-8.86668
2.021	-8.87102
2.022	-8.87444
2.023	-8.87736
2.024	-8.88018
2.025	-8.88327
2.026	-8.88685
2.027	-8.89101
2.028	-8.89564
2.029	-8.90049
2.03	-8.90515
2.031	-8.90916
2.032	-8.91203
2.033	-8.91334
2.034	-8.91278
2.035	-8.91025
2.036	-8.90583
2.037	-8.89984
2.038	-8.89278
2.039	-8.88532
2.04	-8.87818
2.041	-8.8721
2.042	-8.86776
2.043	-8.86565
2.044	-8.86606
2.045	-8.86904
2.046	-8.87438
2.047	-8.88164
2.048	-8.8902
2.049	-8.89935
2.05	-8.90835
2.051	-8.91652
2.052	-8.92333
2.053	-8.92845
2.054	-8.93178
2.055	-8.93348
2.056	-8.93389
2.057	-8.93353
2.058	-8.93301
2.059	-8.93295
2.06	-8.93388
2.061	-8.9362
2.062	-8.94009
2.063	-8.94554
2.064	-8.9523
2.065	-8.95995
2.066	-8.96792
2.067	-8.97563
2.068	-8.98253
2.069	-8.98815
2.07	-8.99224
2.071	-8.99477
2.072	-8.99593
2.073	-8.99615
2.074	-8.99602
2.075	-8.99626
2.076	-8.99758
2.077	-9.00064
2.078	-9.00594
2.079	-9.01376
2.08	-9.02413
2.081	-9.03682
2.082	-9.05134
2.083	-9.06704
2.084	-9.08314
2.085	-9.09887
2.086	-9.11351
2.087	-9.12651
2.088	-9.13756
2.089	-9.1466
2.09	-9.15381
2.091	-9.15962
2.092	-9.16463
2.093	-9.1695
2.094	-9.17488
2.095	-9.18134
2.096	-9.18922
2.097	-9.19863
2.098	-9.20939
2.099	-9.22107
2.1	-9.233
2.101	-9.24436
2.102	-9.25427
2.103	-9.26191
2.104	-9.26657
2.105	-9.26781
2.106	-9.26543
2.107	-9.25956
2.108	-9.25058
2.109	-9.23915
2.11	-9.22603
2.111	-9.21204
2.112	-9.19794
2.113	-9.18429
2.114	-9.1714
2.115	-9.15928
2.116	-9.14758
2.117	-9.13568
2.118	-9.12268
2.119	-9.10758
2.12	-9.08932
2.121	-9.06696
2.122	-9.03976
2.123	-9.00731
2.124	-8.96954
2.125	-8.92679
2.126	-8.87975
2.127	-8.82941
2.128	-8.77694
2.129	-8.72358
2.13	-8.67053
2.131	-8.61876
2.132	-8.569
2.133	-8.52158
2.134	-8.47649
2.135	-8.43334
2.136	-8.39144
2.137	-8.34993
2.138	-8.30786
2.139	-8.26432
2.14	-8.21859
2.141	-8.17021
2.142	-8.11905
2.143	-8.06533
2.144	-8.00959
2.145	-7.95263
2.146	-7.8954
2.147	-7.8389
2.148	-7.784
2.149	-7.73138
2.15	-7.68141
2.151	-7.63405
2.152	-7.58892
2.153	-7.54525
2.154	-7.50199
2.155	-7.45791
2.156	-7.41173
2.157	-7.36223
2.158	-7.30843
2.159	-7.24961
2.16	-7.18547
2.161	-7.11606
2.162	-7.04183
2.163	-6.96353
2.164	-6.88212
2.165	-6.79865
2.166	-6.71413
2.167	-6.62945
2.168	-6.54524
2.169	-6.46182
2.17	-6.3792
2.171	-6.29711
2.172	-6.21502
2.173	-6.13228
2.174	-6.04818
2.175	-5.96212
2.176	-5.87364
2.177	-5.78259
2.178	-5.68908
2.179	-5.59354
2.18	-5.49667
2.181	-5.39936
2.182	-5.3026
2.183	-5.20735
2.184	-5.11445
2.185	-5.02447
2.186	-4.93771
2.187	-4.85408
2.188	-4.77317
2.189	-4.69426
2.19	-4.6164
2.191	-4.53852
2.192	-4.45957
2.193	-4.37863
2.194	-4.29499
2.195	-4.2083
2.196	-4.11851
2.197	-4.02597
2.198	-3.93133
2.199	-3.8355
2.2	-3.73952
2.201	-3.64444
2.202	-3.55124
2.203	-3.46068
2.204	-3.37326
2.205	-3.28915
2.206	-3.20819
2.207	-3.12993
2.208	-3.0537
2.209	-2.97868
2.21	-2.90404
2.211	-2.82902
2.212	-2.75302
2.213	-2.6757
2.214	-2.59699
2.215	-2.51709
2.216	-2.43647
2.217	-2.35577
2.218	-2.27573
2.219	-2.1971
2.22	-2.12053
2.221	-2.04651
2.222	-1.97531
2.223	-1.90693
2.224	-1.84113
2.225	-1.77744
2.226	-1.71524
2.227	-1.65385
2.228	-1.59259
2.229	-1.53086
2.23	-1.46823
2.231	-1.40449
2.232	-1.33965
2.233	-1.2739
2.234	-1.20764
2.235	-1.14137
2.236	-1.0756
2.237	-1.01084
2.238	-0.947444
2.239	-0.88561
2.24	-0.825332
2.241	-0.76639
2.242	-0.708377
2.243	-0.650748
2.244	-0.592884
2.245	-0.534166
2.246	-0.474058
2.247	-0.412169
2.248	-0.348307
2.249	-0.2825
2.25	-0.215002
2.251	-0.146261
2.252	-0.07687
2.253	-0.00750293
2.254	0.0611615
2.255	0.128512
2.256	0.194066
2.257	0.257517
2.258	0.318756
2.259	0.37787
2.26	0.435116
2.261	0.490876
2.262	0.5456
2.263	0.599747
2.264	0.653719
2.265	0.707823
2.266	0.762231
2.267	0.816977
2.268	0.871967
2.269	0.927007
2.27	0.981851
2.271	1.03625
2.272	1.09001
