0.005 1.1 0.963 2.1
0.01 0.99 0.96 3.6
0.02 0.92 0.965 6.9
0.03 0.92 0.974 10.3
0.04 0.92 0.988 13.5
0.05 0.91 1.002 16.6
0.06 0.92 1.02 19.9
0.07 0.918 1.041 22.8
0.08 0.916 1.064 25.6
0.09 0.916 1.091 28.3
0.1 0.916 1.118 31.0
0.15 0.913 1.289 41.32
0.2 0.914 1.497 50.05
0.3 0.914 1.972 60.81
0.5 0.913 3.027 71.46
0.7 0.913 4.132 76.51
1 0.913 5.816 80.42
2 0.912 11.507 85.03
3 0.913 17.24 86.6
4 0.913 22.96 87.36
10 0.912 57.32 88.47
14 0.910 80.11 88.51
100 0.89 561.1 88.03
150 0.912 860 88.25
200 0.950 1195 88.40
250 1.01 1587 88.44
500 3.528 1986 81.53
1000 0.536 3195 71.4
1250 0.413 23100 43.7
1300 -1.78 34200 -5.8
1400 -1.766 13800 -61.6
2000 -0.257 3220 -87.25
5000 -0.0246 774 -88.7
8000 -0.00781 393 -84.86
10000 -0.0037 235.8 -85.95
13000 -0.000809 68.3 -71.67